t,rs0,rs1,rs2,rs3,rs4,rs5,rs6,rs7,rs8,rs9,rs10,rs11,rs12,rs13,rs14,sg0,sg1,sg2,sg3,sg4
0.0476766,25.9368,16.6781,18.3382,24.5101,7.75579,13.3022,10.5718,9.76185,13.321,8.09256,8.86551,8.78538,11.0257,18.8519,14.8725,0,331,0,0,0
0.147629,22.8595,15.2696,15.146,25.3322,8.42257,14.7621,6.76437,8.45514,12.4283,10.1956,6.95178,14.0225,5.23683,14.1758,18.2087,0,330,0,0,0
0.247652,21.2351,18.6821,22.9154,24.5402,3.57004,10.9849,9.88766,8.68532,11.4567,9.61877,5.59933,10.1059,7.70087,15.3247,12.2371,0,330,0,0,0
0.347639,22.8244,13.9103,15.0469,24.6126,5.19773,13.7483,7.44543,7.09125,11.8411,8.89945,5.29857,11.5715,7.19393,11.9866,8.32677,0,333,0,0,0
0.447642,20.0452,17.7589,20.8749,24.4862,3.4719,12.6933,9.42355,10.8358,14.7092,9.56766,4.28229,9.66507,6.60721,12.7755,6.95821,0,333,0,0,0
0.547661,19.9618,15.9861,20.3961,26.3702,8.64087,14.803,5.52988,3.94615,10.2992,8.98353,9.66379,17.5358,7.71213,15.3695,15.2467,0,332,0,0,0
0.647637,23.3854,17.0288,17.782,24.4822,7.5899,16.5729,9.7323,9.64258,13.0312,9.1854,8.29291,17.2667,6.87107,11.0253,8.54534,0,330,0,0,0
0.747662,22.7836,15.2402,18.3728,24.5913,5.5236,12.8039,7.27579,8.0603,8.49399,9.7008,11.9814,16.1167,8.79354,16.1219,16.9631,0,321,0,0,0
0.847652,23.425,17.9268,14.6991,24.309,6.28161,13.8914,7.17277,7.16247,8.07571,9.96444,10.2583,10.5439,6.19672,11.493,10.7158,0,313,0,0,0
0.947696,18.6456,21.6034,21.9386,25.5878,10.5468,17.1559,7.19275,7.7051,9.41329,8.855,6.80035,12.1253,7.25659,14.1729,9.33754,0,308,0,0,0
1.04766,19.7807,11.6405,18.3264,31.0967,22.1192,19.8388,9.6783,4.3022,11.9623,5.54599,8.19463,15.7096,7.64186,16.1797,13.9411,0,302,0,0,0
1.14767,21.2061,16.8613,24.2089,28.537,30.8301,23.8865,25.5852,71.2905,34.8659,10.1479,10.1585,13.4853,4.91962,15.3042,15.0257,0,305,0,0,0
1.24766,17.6925,12.0736,24.7879,27.5391,37.37,33.6545,31.1374,83.5456,41.7944,10.2063,6.91465,10.1534,4.72292,14.5313,14.0352,0,302,0,0,0
1.34767,17.3952,19.264,25.2288,29.8779,30.0395,44.6354,27.3761,78.8269,36.3003,6.14012,7.6579,13.1469,8.73618,16.5149,13.9972,0,305,0,0,0
1.44765,17.8343,17.8729,24.0647,26.8255,32.0658,45.3248,28.4224,80.5037,39.2072,5.96185,7.66819,14.049,7.0367,16.3302,19.0763,0,303,0,0,0
1.54766,14.8478,16.6753,30.1794,29.3677,28.0615,46.4463,27.4967,81.0063,40.5695,4.4336,10.876,17.3288,8.64935,17.6558,14.1065,0,306,0,0,0
1.64768,18.2597,14.2795,26.0693,27.0085,35.5508,33.1785,28.0406,80.2277,41.0129,5.08585,5.58837,13.8662,7.95224,14.1826,8.30301,0,302,0,0,0
1.74768,16.0365,13.1367,24.8045,29.4532,34.4285,29.7849,29.5042,82.9519,41.6964,6.42806,10.1609,17.6,10.054,20.1041,15.5057,0,305,0,0,0
1.84767,22.7311,15.1843,20.5687,24.7526,41.3226,30.5909,28.1094,80.0791,40.8744,11.2041,11.0733,19.6599,8.44939,13.9705,10.5041,0,310,0,0,0
1.94768,21.34,15.1913,20.0123,26.6319,41.8532,35.2571,28.2858,82.1357,44.8469,9.14428,8.62899,16.7247,8.76246,13.7494,9.31574,0,320,0,0,0
2.04769,21.403,7.63601,22.4725,28.1756,35.9688,31.284,26.8601,79.7835,40.7052,10.0096,8.81536,15.4714,6.95276,12.402,9.69298,0,322,0,0,0
2.1477,20.1234,9.23223,16.5651,30.7205,28.0333,22.5408,11.12,36.1089,15.7385,5.72444,8.85619,13.873,6.83644,16.9395,12.1475,0,327,0,0,0
2.24773,22.139,11.7361,18.8438,27.4158,19.3698,20.6857,5.62122,13.8304,6.59808,6.30237,13.201,19.1818,10.8466,14.0664,4.179,0,330,0,0,0
2.34767,22.3574,15.8234,15.742,24.4313,12.8855,16.3931,6.33462,6.88079,13.5728,7.99105,11.014,15.2017,9.84406,15.6316,8.95025,0,333,0,0,0
2.4477,24.4065,17.0991,20.9336,25.0127,12.8873,15.5325,7.2757,5.06642,10.8479,6.33521,10.9809,20.9971,6.99509,16.7074,14.4881,0,335,0,0,0
2.54771,21.715,14.4676,20.0133,25.1275,8.49014,14.9363,6.32016,5.31673,10.3071,7.62899,11.4801,15.5553,7.74026,14.8067,9.72922,0,334,0,0,0
2.64772,19.6176,17.7818,19.9945,25.3573,2.59608,10.235,9.27184,3.78858,7.61306,6.27239,9.51091,8.93513,7.66377,16.5783,11.0108,0,338,0,0,0
2.74769,22.8093,18.4973,19.4733,24.0417,2.08777,11.0358,8.29963,4.86679,11.8045,8.74676,8.94713,11.6854,8.38641,14.4233,8.13021,0,337,0,0,0
2.84771,23.996,14.268,18.9135,22.9139,0.324336,8.30734,8.32745,4.64527,6.42759,8.22091,11.003,12.9015,8.50357,12.5054,11.5581,0,338,0,0,0
2.94771,20.2815,19.2339,17.2563,22.4179,3.36755,8.28508,5.89838,5.1385,10.481,7.29634,12.8684,22.1187,10.398,15.6718,7.95769,0,336,0,0,0
3.04771,22.1765,17.4517,13.0513,22.2771,4.86159,16.3498,8.10915,5.40287,8.53777,9.38792,9.98373,9.75605,10.8433,17.9696,11.3124,0,328,0,0,0
3.14771,22.6941,15.6976,15.8625,22.8809,3.29336,12.7133,9.06231,7.13164,8.35167,9.95154,10.7613,12.5511,10.0695,15.4391,7.95091,0,326,0,0,0
3.2477,22.0925,16.3049,16.196,22.6851,3.96642,6.22452,7.5149,5.22542,8.7197,7.34102,11.3194,17.29,6.69631,7.50952,3.86438,0,318,0,0,0
3.34772,24.6803,15.2613,16.6284,25.4645,10.8843,19.871,7.11673,7.47191,11.2535,9.02482,13.5547,13.1426,8.66851,13.9384,8.42368,0,307,0,0,0
3.44777,20.7124,16.731,12.2843,25.9124,10.5885,11.1373,8.40871,8.86316,15.5297,8.2936,13.2123,15.1334,8.82991,15.5872,9.46727,0,307,0,0,0
3.54774,23.3594,10.0213,19.1912,27.4299,24.5666,20.1153,10.9859,5.75205,11.1123,4.9537,11.1806,16.7876,10.1857,16.365,9.0318,0,304,0,0,0
3.64773,23.1515,17.0153,21.3354,26.2937,31.6932,32.0443,29.286,82.683,44.2458,8.21661,9.25589,14.3046,8.66522,18.2362,12.3473,0,301,0,0,0
3.74773,21.5536,13.2125,18.7202,27.4959,35.8063,35.032,28.8945,81.3979,39.0449,8.70779,18.1156,21.6618,7.48694,12.2569,7.09319,0,302,0,0,0
3.84774,21.361,16.7717,14.7843,24.1294,42.7101,38.9004,31.2436,84.9364,40.8199,9.55649,12.765,22.3343,7.21443,14.1938,8.76729,0,301,0,0,0
3.94775,22.6191,16.0817,15.1064,23.3138,44.2668,35.7414,30.1039,84.5324,43.5557,11.151,11.9336,11.8182,7.40425,14.1668,9.83959,0,301,0,0,0
4.04772,21.0524,15.4163,18.042,26.1717,41.6361,35.8281,28.5693,81.82,41.8936,7.74813,11.5921,20.2943,9.75813,16.5514,11.5494,0,301,0,0,0
4.14775,17.8983,16.6086,23.3614,25.5192,39.5348,35.1617,31.4234,85.055,42.8069,5.8443,8.35821,15.2093,12.3868,20.6451,11.8805,0,296,0,0,0
4.24775,20.5947,15.3243,22.3387,27.3743,32.3806,52.4433,29.3571,79.6377,36.245,4.56948,10.1224,16.4886,9.3693,15.2167,8.61941,0,295,0,0,0
4.34775,20.6774,13.2182,22.3908,29.3105,37.8373,40.4511,28.5901,79.0704,40.2265,2.95216,9.20457,14.8499,10.3098,16.8977,13.5921,0,293,0,0,0
4.44776,17.5869,13.3154,23.7737,30.3563,45.6991,43.1092,24.9532,73.2802,36.5431,1.88754,10.5845,13.2087,11.4984,17.0267,10.0525,0,291,0,0,0
4.54772,23.1605,9.5522,22.4303,27.7007,50.863,44.9722,75.5017,165.645,78.0561,3.32567,12.5107,21.2649,11.6786,17.2378,11.9322,0,288,0,0,0
4.64775,22.9681,11.1552,21.948,31.7275,48.3969,39.6073,75.9897,165.817,78.0134,0.418656,11.4047,11.6872,9.91078,17.1,13.0388,0,288,0,0,0
4.74776,18.5216,15.3536,26.3207,30.9561,47.5257,42.0438,74.6812,165.889,78.0503,3.68381,12.1707,9.41038,16.0054,18.0301,5.2114,0,287,0,0,0
4.84775,22.7603,7.4745,21.4725,29.4057,59.1442,43.0492,75.6428,165.671,77.8757,2.42869,14.2124,20.4623,12.5482,14.7391,6.08914,0,288,0,0,0
4.94777,17.288,12.5896,23.7971,31.1628,53.6291,41.6638,75.5269,166.019,75.7618,4.44687,16.2353,17.5426,16.0065,19.1081,11.294,0,287,0,0,0
5.04773,19.6372,11.4241,22.6804,30.062,54.1266,42.4337,76.1666,165.747,80.039,1.15524,12.1761,15.5645,13.0369,22.0005,16.2432,0,286,0,0,0
5.14776,19.3233,8.79689,23.9351,29.0664,52.6078,45.0753,76.839,165.87,75.5858,1.55168,14.1915,19.9723,9.88362,16.0186,14.9696,0,290,0,0,0
5.24776,21.0373,10.1526,21.3629,29.9934,57.616,47.1842,76.6937,165.712,77.5718,0.979259,10.0961,9.14559,12.2546,18.1618,8.49941,0,289,0,0,0
5.34785,20.3702,8.54246,23.2608,26.2694,65.0344,43.5048,7.06057,6.87856,7.32028,3.98015,7.43496,10.2556,10.6021,20.6766,20.4053,0,290,0,0,0
5.44774,22.0867,12.2527,19.4429,26.2063,66.438,43.7516,7.99102,5.72781,6.96616,2.28757,10.7037,11.8004,10.7531,16.3239,5.25351,0,291,0,0,0
5.54778,25.9647,13.0793,15.2662,27.6508,61.3818,44.6131,6.41787,8.45106,7.55665,2.50547,14.4128,18.1867,9.01434,15.1704,8.53244,0,290,0,0,0
5.64777,27.7487,14.3994,23.7574,31.5276,60.9834,46.1851,10.6396,4.83742,6.70763,2.6181,10.7621,8.64205,11.0405,17.3817,10.1424,0,288,0,0,0
5.74781,26.3755,5.22128,21.3495,29.6388,58.0401,47.335,11.1676,4.25455,6.01039,3.01033,10.7778,6.65663,11.7562,16.8942,9.73686,0,283,0,0,0
5.84781,22.2575,6.05101,20.8675,30.3163,54.9154,44.2515,12.4585,2.77171,5.39151,4.43905,13.8829,5.6429,10.4714,16.1185,10.1526,0,285,0,0,0
5.94779,28.6889,8.85713,21.8625,27.9635,64.6788,39.3158,10.3141,4.13215,8.73546,0.192843,10.845,8.95645,10.0573,15.6284,12.9601,1,0,0,0,0
6.04779,27.2533,12.9644,20.758,27.1154,76.2187,33.1175,9.88698,6.54599,10.1386,0.861199,10.2938,7.51405,7.81595,12.0696,7.19716,0,279,0,0,0
6.14779,26.6276,11.8892,19.7813,23.0612,83.9565,29.0001,6.26623,7.67715,11.3401,3.02421,10.4357,6.74526,9.13164,15.8637,7.56549,0,1,0,0,0
6.24779,24.75,7.04861,23.9102,25.7353,100.03,20.6134,7.45566,9.97312,14.905,3.47968,13.5817,13.308,8.12072,15.9744,9.95553,0,0,0,0,0
6.34776,27.0903,7.11271,22.4787,26.7479,83.0187,30.9985,11.6386,8.13669,10.9859,1.69578,7.38819,6.85821,8.17017,14.4293,8.46295,0,276,0,0,0
6.4478,30.2471,11.5691,20.235,20.769,102.385,18.7643,4.53174,9.8684,10.4054,4.84416,9.93583,13.0444,9.46319,13.6234,6.24486,0,0,0,0,0
6.5478,30.8906,9.46585,19.4781,23.8939,104.17,13.089,64.9759,46.6912,13.2795,1.85029,6.46457,6.8025,8.56726,11.3147,2.49351,0,1,0,0,0
6.64781,34.0416,5.97101,19.8153,25.3816,95.0682,23.1081,65.5171,47.0673,10.8249,1.80156,4.66805,3.04744,8.04183,13.998,4.9806,0,0,0,0,0
6.74777,30.3359,4.20438,20.1847,24.1636,95.8631,26.1008,64.9898,50.601,16.4052,2.62795,8.99066,5.57115,6.78646,13.9736,5.17251,0,1,0,0,0
6.84781,30.5459,7.3024,22.1468,26.9066,102.098,18.3725,63.5813,49.6773,13.0771,1.20516,10.0825,6.20012,5.22928,10.6159,1.13123,1,0,0,0,0
6.94781,29.0778,4.89395,24.8584,28.3959,104.487,12.212,63.9886,48.803,12.6892,1.80252,6.89976,3.43238,7.32626,14.3538,2.326,0,271,0,0,0
7.04784,29.289,3.3241,24.4415,27.183,103.296,19.9459,61.2605,47.2215,14.7457,2.44685,7.49391,5.16537,8.16196,17.4976,10.2826,3072,1,0,0,0
7.1478,25.7977,8.91895,22.8981,26.9068,102.722,24.4889,61.0994,48.1191,16.2892,1.25127,7.11873,5.45619,7.80685,15.2829,7.10263,0,264,0,0,0
7.24783,31.6611,8.87203,25.1136,30.2623,103.393,18.0417,60.9893,49.5455,16.8215,3.22695,8.78798,5.52351,7.34179,15.4548,8.23038,0,264,0,0,0
7.34783,28.8077,5.96871,23.4899,30.9931,105.286,15.9469,61.0041,53.2989,20.8541,2.32541,9.14262,5.5289,7.18493,15.6729,13.2504,0,264,0,0,0
7.44786,27.9571,9.04442,23.9984,28.346,100.738,23.8554,60.97,50.3418,16.3803,1.52214,9.42596,5.53057,7.23889,15.4427,10.7766,0,266,0,0,0
7.54783,30.1582,9.47014,24.0202,27.7331,108.48,15.0874,58.7347,47.9962,15.2386,1.86818,8.8457,6.85623,7.7666,13.9751,6.51838,0,270,0,0,0
7.64782,31.2938,5.87534,25.261,30.3027,108.193,19.0356,59.7471,50.676,17.5533,1.01046,9.44702,4.79919,8.72168,14.6952,3.22539,0,276,0,0,0
7.74783,30.642,8.03268,20.0251,26.9785,109.496,13.9592,57.4131,48.6592,14.0477,2.91766,8.96282,6.80213,7.6014,20.149,11.4759,0,287,0,0,0
7.84783,27.3331,5.76819,24.8448,26.1766,116.841,11.3813,59.3292,51.0254,16.826,3.99873,9.76825,9.12089,5.4995,12.0739,8.07818,0,301,0,0,0
7.94784,25.5892,7.72855,25.8513,25.5425,113.866,18.774,61.5421,51.4207,18.0263,6.98016,9.40192,4.97519,7.99909,13.789,7.57265,0,300,0,0,0
8.04782,24.4801,7.10037,24.7027,26.0531,58.9318,50.4535,8.82098,10.9626,12.875,8.10252,9.55609,5.34503,6.8704,11.4141,3.97877,0,303,0,0,0
8.14785,24.9451,11.4957,21.2221,21.3313,58.4219,41.7987,83.123,165.991,79.6878,9.9635,11.2158,10.9756,9.07426,18.1978,13.9295,0,303,0,0,0
8.24785,26.1641,9.46545,20.065,22.5618,51.8297,43.9843,33.6734,78.9126,41.7643,12.7532,11.2107,9.63249,8.98047,12.309,7.29259,0,303,0,0,0
8.34787,24.7041,15.3878,19.5125,20.865,53.8792,40.7883,32.4328,78.9643,46.5287,11.6161,11.8412,8.70108,10.4404,10.86,7.13994,0,299,0,0,0
8.44786,21.5727,16.133,17.3592,21.0994,56.8647,37.8026,30.3794,76.8253,42.5532,12.2066,9.85893,11.3802,10.4117,16.6512,11.6048,0,302,0,0,0
8.54786,23.2928,11.2111,19.4948,20.6358,56.5467,40.7414,34.0532,81.129,48.6499,11.3099,10.1227,9.21564,10.2359,12.278,7.13994,0,307,0,0,0
8.64786,24.7339,14.2205,21.3251,20.0292,56.4641,40.3259,34.0706,78.9683,42.0568,10.4452,8.25342,9.2923,9.10476,11.9769,6.15826,0,312,0,0,0
8.74786,24.6853,14.9124,22.9633,21.7247,52.9803,38.3599,33.7757,80.5306,42.2663,9.9456,14.5606,14.4373,10.4932,11.0654,4.21486,0,317,0,0,0
8.84785,24.8146,17.2947,15.6665,23.6167,41.8988,35.8703,30.7911,74.2326,41.5231,10.1926,10.489,10.5768,9.19573,12.1117,8.97858,0,322,0,0,0
8.94783,25.7001,18.0499,12.2203,23.7685,34.5863,29.317,82.5319,165.975,79.2676,9.74202,12.9478,12.0203,9.72707,12.3068,4.60875,0,326,0,0,0
9.04787,24.4927,17.1115,13.5701,26.1953,24.9642,15.7057,16.4298,43.5963,19.0991,8.17863,12.3199,9.99495,10.0505,14.3391,11.2927,0,331,0,0,0
9.14787,21.673,18.7055,13.7536,24.9246,25.9448,15.9369,5.09105,6.58447,10.6246,5.50676,10.6981,6.80707,9.12519,11.9837,5.41869,0,334,0,0,0
9.24787,23.8412,20.2321,14.0804,26.9262,18.4328,21.9807,7.40107,7.91172,9.25186,4.65657,13.0147,9.40941,8.39572,8.42015,5.03456,0,335,0,0,0
9.34786,23.4769,21.2643,14.9399,23.6252,7.83305,10.9784,10.7694,13.261,9.92756,7.73695,12.1542,9.12085,10.1121,14.2187,8.24902,0,340,0,0,0
9.44788,25.4311,20.0976,12.1017,22.6586,7.60682,17.94,7.1217,9.49156,11.1592,6.89336,9.4447,8.69641,9.86473,13.3361,5.25481,0,345,0,0,0
9.54788,23.8891,22.1944,11.7716,22.398,4.71733,10.593,9.02869,8.35614,7.4822,4.96872,8.02638,6.20348,9.55925,13.66,5.27511,0,344,0,0,0
9.64788,23.1664,23.9134,14.3962,19.0007,5.88003,12.4714,8.84385,10.1283,9.67954,6.20209,9.36617,10.0724,8.19226,10.1228,4.74426,0,349,0,0,0
9.74787,24.2347,22.2893,10.9514,19.6149,4.83173,11.3194,9.15174,7.459,7.78121,6.86019,9.12855,9.12094,7.5992,10.1944,4.80201,0,348,0,0,0
9.84783,22.2411,23.5308,17.1276,19.9631,3.7892,9.75092,8.8708,5.85874,9.77447,6.38793,12.0112,12.2825,8.77975,13.9599,12.458,0,345,0,0,0
9.94788,22.3169,25.5416,14.3337,18.375,4.46047,8.53579,9.15084,4.54342,10.2242,5.30203,14.3671,14.8774,8.10189,12.0041,3.75651,0,343,0,0,0
10.0479,25.5605,19.4305,11.0894,17.3901,6.17925,5.50173,7.79913,4.21115,7.87432,5.50885,11.8534,15.0834,8.27922,12.2782,8.38358,0,343,0,0,0
10.1479,25.9215,19.1695,13.7606,14.567,3.78616,9.23993,10.0479,3.58174,7.98997,4.31882,10.506,11.7951,8.92365,13.93,3.64646,0,334,0,0,0
10.2479,21.0531,21.8157,7.78454,16.243,5.7548,11.2589,8.33639,5.55527,9.42134,4.63118,14.5163,17.5396,8.2889,13.9471,8.35305,0,324,0,0,0
10.3479,24.0441,22.2188,15.8098,14.5349,5.82097,5.61117,9.90665,7.03442,9.68993,3.0905,13.7706,10.955,9.29648,13.6127,5.44094,0,313,0,0,0
10.4479,20.7144,23.1531,11.6096,14.9302,7.08581,10.5185,10.412,6.93,8.88099,6.60699,8.11704,8.66028,8.82298,11.6435,5.37015,0,308,0,0,0
10.548,18.752,20.9002,17.7043,19.5991,14.4864,14.9537,9.14536,6.48279,8.52014,4.48105,12.6342,10.0348,8.44936,12.7549,4.42986,0,305,0,0,0
10.6479,25.6461,16.077,16.6447,21.1548,34.7098,22.3061,7.09838,5.21177,10.1846,5.37454,13.4907,10.4234,7.6242,16.5692,15.1935,0,315,0,0,0
10.7479,23.1014,19.1284,17.0713,23.1868,36.2979,25.8084,82.1475,165.686,71.5723,7.53923,11.3731,12.2188,6.06682,13.7622,13.7609,0,321,0,0,0
10.8479,23.5872,18.1509,18.0818,23.3303,45.0211,39.8208,29.8343,74.5929,36.5241,8.75686,12.7696,12.1952,6.73459,10.5201,4.08787,0,330,0,0,0
10.948,24.4071,18.0265,15.7703,23.2323,36.2203,26.7822,6.70204,7.26406,6.9079,6.65901,13.6235,9.74052,6.95415,13.0432,9.77317,0,332,0,0,0
11.0479,23.2229,18.2259,15.5307,22.3107,23.5017,15.9159,7.68917,6.38437,8.8377,5.49851,11.8515,8.76502,8.79915,12.5826,6.65548,0,334,0,0,0
11.1479,23.6707,16.8434,11.7557,21.8221,20.1745,13.3883,5.69429,6.83568,7.01752,5.8147,15.5399,14.7588,7.35398,15.7575,12.2813,0,336,0,0,0
11.2479,24.359,21.4002,11.7535,22.3306,16.6776,14.3067,7.97575,9.59204,11.9256,4.98011,13.1594,5.81771,9.07207,11.9134,6.10309,0,338,0,0,0
11.348,21.5706,20.8206,14.9978,20.2659,11.549,13.3096,8.70403,10.7627,11.3722,5.31255,14.075,11.6855,6.70488,8.89392,1.50655,0,331,0,0,0
11.4479,19.5637,22.4055,14.8851,17.919,10.2104,10.2754,8.89935,8.19667,9.49465,3.6047,11.438,8.78678,7.9224,11.1315,2.38188,0,329,0,0,0
11.5479,16.7559,22.5394,17.831,17.9928,8.03988,10.6867,8.79854,7.80864,9.11744,4.13113,10.6962,11.1617,6.83185,10.7278,2.93601,0,319,0,0,0
11.6479,20.0125,20.9551,15.6942,18.7859,8.86263,16.0431,9.12808,9.98072,12.6075,3.13282,13.387,10.3106,6.89204,8.85155,5.79066,0,309,0,0,0
11.7479,23.2991,20.798,17.6855,21.0289,16.5901,16.9212,8.62677,8.66863,7.47105,7.44417,10.457,10.4004,10.6578,13.2096,0.424695,0,305,0,0,0
11.848,23.7254,18.123,16.8021,20.8215,19.1705,15.4123,8.25385,7.95517,11.5959,4.38557,11.1913,7.87763,9.42391,13.9303,5.58741,0,297,0,0,0
11.948,25.5811,20.6858,16.6759,22.8759,38.5508,23.7513,26.0107,71.8515,38.0351,6.31733,16.2549,14.9744,9.16346,8.44192,4.90553,0,295,0,0,0
12.048,22.3822,18.292,17.2851,23.4059,38.3227,22.9867,24.1886,68.2552,36.0867,5.85056,15.8568,14.1608,9.33153,13.9624,6.62633,0,299,0,0,0
12.148,23.6336,11.6308,25.1316,25.1566,47.2819,27.6297,28.622,78.6522,41.6177,7.39146,14.0595,12.4863,9.15653,14.4485,9.95202,0,295,0,0,0
12.2479,19.8295,9.05526,21.1612,27.4142,42.4303,32.0826,29.3777,78.677,41.4632,3.11214,15.2767,14.668,7.12843,6.63293,6.058,0,300,0,0,0
12.3479,23.2779,10.3763,18.7312,26.2123,51.7081,36.3156,26.9196,74.2011,39.0709,3.65469,15.0629,10.0887,10.2716,16.0885,7.76319,0,297,0,0,0
12.4479,22.6947,10.1466,23.1702,25.798,55.7953,39.4392,26.9209,73.4283,36.0106,1.28961,18.992,14.9874,8.66283,12.4216,4.65484,0,290,0,0,0
12.548,18.8894,7.92549,24.8841,27.2369,43.8509,45.9822,27.6926,74.4739,37.2336,3.18494,15.0311,10.0755,10.2658,16.0976,7.7691,0,288,0,0,0
12.648,20.1583,8.1454,22.8948,27.7223,56.3075,40.9792,25.2965,69.4785,34.3175,3.03863,16.2825,13.7559,8.30339,12.4923,2.37882,0,291,0,0,0
12.748,23.1938,8.74127,22.9585,24.8744,52.7008,44.198,80.8555,165.836,75.8062,4.18159,16.358,17.7067,10.0315,10.9739,7.2764,0,286,0,0,0
12.848,21.5644,10.7153,22.9771,24.0828,53.3227,52.2353,81.6568,165.834,73.6074,4.93707,15.0226,11.1342,8.63783,11.6042,4.63801,0,285,0,0,0
12.9479,23.5642,8.37375,24.0532,22.5026,59.4645,43.1316,81.3492,165.825,75.8062,4.59877,17.7439,16.8398,7.69289,7.71217,2.6563,0,285,0,0,0
13.048,20.4177,12.9345,24.1393,24.6876,57.7275,44.617,7.05782,13.2469,9.34605,2.66459,9.61452,9.86086,8.6817,12.8137,8.06779,0,280,0,0,0
13.148,25.1462,10.3542,19.1703,21.6657,57.9489,47.9728,4.92641,8.99155,7.91129,1.13109,17.2252,13.3239,9.16152,13.1624,4.40131,0,281,0,0,0
13.248,22.5964,9.57591,29.271,26.5647,77.1665,39.5238,11.6513,9.01395,9.16573,2.62983,12.8478,6.96439,8.2936,12.5108,6.21404,1,0,0,0,0
13.348,22.9752,12.8556,28.3525,23.7323,92.7111,33.968,10.6448,9.14548,9.80338,2.14684,12.8857,9.5316,10.8291,16.4927,12.5154,0,279,0,0,0
13.448,23.6892,6.73424,27.096,26.5144,96.2798,28.814,11.489,10.8264,13.6845,0.498375,13.971,11.1541,10.182,17.21,13.1511,0,281,0,0,0
13.548,25.5791,10.0652,24.4647,22.0474,98.0084,24.23,8.34087,10.6661,10.7126,5.92709,8.11529,5.04918,10.1288,15.7022,9.39437,0,276,0,0,0
13.648,26.0142,10.6879,19.3143,19.2258,111.127,17.0813,6.96824,11.5196,13.0535,5.92847,14.905,1.86963,9.04433,14.2696,11.6867,0,1,0,0,0
13.748,25.4095,9.13031,19.7553,19.6159,103.288,22.6638,4.17237,10.1105,15.666,6.52015,11.6846,7.41061,9.92848,15.7982,9.39437,0,1,0,0,0
13.848,23.2296,11.6169,19.4108,20.1657,105.584,20.7845,6.91806,10.3782,12.1307,6.44828,9.93568,7.85175,10.2292,11.3545,8.00053,0,276,0,0,0
13.948,27.0082,6.62948,17.6281,22.3063,88.4529,34.2115,8.41215,11.8942,9.31614,1.82755,13.8982,7.82143,11.1654,16.1724,7.63969,0,276,0,0,0
14.048,28.043,6.50419,21.0457,22.8621,95.0479,28.0911,7.20657,9.20986,11.0133,2.62197,12.6029,7.06095,9.26378,9.83251,5.24696,0,274,0,0,0
14.148,26.8483,10.972,18.7946,20.9001,109.426,17.1354,8.16451,11.3656,13.3506,3.53992,13.1092,9.99296,10.0177,12.0463,4.33397,0,270,0,0,0
14.248,27.3537,9.8942,20.1984,23.7312,104.357,23.1831,11.8887,13.7978,11.5231,4.31348,10.3423,5.43156,6.52742,12.2401,6.92095,0,271,0,0,0
14.348,27.4376,5.36836,18.5838,23.5611,102.002,23.4646,10.7427,11.4377,11.0399,3.25685,10.6003,9.66312,7.90579,10.9776,5.28105,0,263,0,0,0
14.448,23.4785,8.96645,22.911,25.6207,104.412,30.2699,11.8606,10.9667,10.3814,1.58967,11.0261,6.71166,7.7567,15.8506,10.9603,0,267,0,0,0
14.548,26.7233,12.0107,23.2351,24.7117,111.535,15.9308,10.8511,12.5936,11.872,3.47128,9.03791,8.45756,8.02498,12.8211,5.4981,0,266,0,0,0
14.6481,22.9705,7.26924,21.9884,24.4846,105.094,28.1585,8.87912,12.9653,10.2429,3.12063,13.1685,8.92896,7.75144,12.5412,4.46556,0,267,0,0,0
14.748,27.4735,6.47233,21.8929,29.2178,102.137,23.2565,158.029,92.9783,13.987,3.33309,15.7503,8.2514,7.18114,14.7167,9.26516,0,263,0,0,0
14.848,22.7789,7.4616,22.7328,26.138,103.518,32.4027,157.689,91.4735,8.07388,1.78208,12.4528,8.60801,9.43764,14.4313,4.45495,0,260,0,0,0
14.948,27.9456,9.70706,23.5728,29.3712,108.893,17.9133,56.9853,45.6125,10.54,3.82579,15.9128,8.36282,8.76323,14.0382,5.21834,0,265,0,0,0
15.0481,23.4167,11.5986,25.3294,29.2928,109.373,24.6431,56.2753,42.6488,6.90261,4.97225,12.8374,12.341,10.925,13.0735,2.14399,0,268,0,0,0
15.148,23.2781,10.5562,22.9288,29.3097,114.738,23.2751,157.989,95.9419,12.8704,2.016,13.3641,7.14633,10.401,13.0816,7.24318,0,0,0,0,0
15.248,24.2745,8.19303,23.3283,28.0737,115.318,19.1567,157.805,93.7616,8.02896,2.97706,11.1863,7.19162,8.41548,12.8899,9.29854,0,285,0,0,0
15.3481,25.9438,8.25326,22.0945,26.715,116.202,14.2707,157.889,95.864,12.4607,2.30713,12.1331,11.0113,10.4682,14.9681,4.452,0,0,0,0,0
15.4481,28.8432,9.13031,20.6703,28.1152,107.534,19.0065,60.488,47.8046,13.6769,3.34761,15.3704,12.8152,8.76873,18.5686,10.2234,0,285,0,0,0
15.5481,32.1536,10.7189,14.7398,17.69,100.53,22.8787,5.6805,16.7486,10.5708,7.93517,9.17879,6.95699,8.10021,8.04509,1.8754,0,0,0,0,0
15.648,25.8914,10.6248,15.5549,21.982,79.7716,34.9939,6.81922,10.8787,10.0185,5.1775,15.0783,14.0854,7.46137,12.9734,6.32957,0,0,0,0,0
15.7481,23.3167,11.2073,18.4997,23.655,66.3681,46.0363,8.60644,11.1722,8.44465,4.18756,13.1015,9.20042,8.66907,11.7268,7.14347,289,0,0,0,0
15.8481,24.0583,10.9571,18.1235,23.0284,68.2869,42.8718,7.04042,9.68338,10.701,5.034,9.3495,5.9396,8.19924,12.5073,7.10033,0,288,0,0,0
15.9481,26.0082,10.672,18.9692,23.4497,69.4415,42.4358,6.65723,10.0989,7.52956,3.78435,12.7576,8.26589,8.38529,12.0581,4.93269,0,288,0,0,0
16.048,27.1428,11.3872,16.0189,21.5779,73.4423,37.4942,5.10459,9.56191,11.9704,5.9149,10.6033,7.55678,8.82431,13.2731,9.78254,0,280,0,0,0
16.1481,28.3318,12.8577,15.9032,19.3943,77.2828,34.3565,4.50089,10.6625,10.3669,4.22698,12.0214,13.9161,9.53958,12.1104,3.81942,0,276,0,0,0
16.2481,27.4748,11.4697,18.5764,23.4793,77.124,45.9534,9.36822,13.2445,7.94428,5.61225,11.3386,11.019,8.89251,12.515,7.10533,0,1,0,0,0
16.3481,27.162,13.1399,19.9093,21.8429,102.407,22.8493,8.037,15.2258,10.8161,4.18793,16.3931,11.5799,7.29401,9.14853,3.78211,0,271,0,0,0
16.4481,29.9581,8.83772,19.924,23.3351,113.838,17.9203,61.6494,47.317,13.1267,2.09383,12.3192,9.43718,7.32164,12.9179,4.40741,0,266,0,0,0
16.548,29.2893,8.0874,25.0488,24.105,119.05,10.7188,60.27,49.4926,15.942,6.23136,9.51065,7.91445,7.80474,13.4654,6.4402,0,266,0,0,0
16.7481,32.1129,6.99723,22.2368,25.3462,121.487,15.7593,57.8421,50.0156,21.0678,4.20623,8.92577,9.60405,6.53602,15.0022,6.44693,0,271,0,0,0
16.8481,29.8184,4.21032,21.6845,22.2302,124.084,9.89457,56.2021,47.8052,14.0144,4.63295,9.79688,6.48736,6.78896,11.1563,3.81612,0,268,0,0,0
16.948,29.0514,12.5427,20.981,25.9264,122.882,4.90255,57.2101,50.1091,16.5092,2.35656,15.4768,10.6483,8.76293,16.8724,9.9985,0,277,0,0,0
17.148,31.9629,7.56744,19.4125,27.9343,120.139,13.4462,58.2317,51.0633,21.0208,5.00499,11.3472,7.51884,7.96215,11.4039,2.42685,0,289,0,0,0
17.2482,30.8512,9.57116,20.0368,20.7826,110.691,19.1891,61.2628,47.6758,10.822,4.34383,13.9074,9.19741,8.66186,12.5838,4.4484,0,298,0,0,0
17.348,28.3469,12.994,18.2979,21.5209,82.2717,35.6088,5.69442,13.1347,11.5448,7.39214,12.8808,12.2298,7.09198,11.6372,5.93844,0,299,0,0,0
17.448,28.2684,14.1353,19.6873,20.1709,65.0879,49.5299,2.56554,13.0976,12.4929,9.59785,14.5143,11.9418,8.32268,9.2049,10.0958,0,302,0,0,0
17.548,24.1726,12.5896,19.5653,20.1884,47.4925,50.5628,83.3377,165.741,78.0513,9.68613,15.7512,10.5129,11.0947,10.5058,7.76866,0,301,0,0,0
17.6481,26.4426,12.6925,15.6135,17.1465,56.9307,37.1806,32.064,76.7129,39.5454,8.43682,14.2506,12.7769,9.14076,12.2592,12.2118,0,305,0,0,0
17.748,23.6274,14.7921,18.3924,19.0993,55.8243,37.1876,30.1251,76.6282,45.6898,11.274,13.0411,9.11236,9.87929,10.4243,7.58295,0,305,0,0,0
17.948,23.3959,19.5654,20.4496,19.5958,57.7387,38.0167,33.2633,78.3082,39.3851,8.46913,13.0472,12.9845,8.19027,12.4347,8.65701,0,303,0,0,0
18.0481,21.8294,15.4437,14.2411,22.3693,60.1791,35.6829,32.4166,78.7266,44.5605,8.53949,17.1426,11.0293,8.2207,10.6327,5.53962,0,304,0,0,0
18.2481,22.4956,18.0583,20.9136,22.5808,58.8522,35.9464,32.7497,80.1924,45.2649,10.6558,15.3262,8.83651,9.28247,12.2339,9.67686,0,307,0,0,0
18.3481,22.758,19.2222,19.1011,22.6925,60.3112,43.0897,32.4962,81.135,42.8732,8.71489,14.1048,7.60138,8.30721,12.1942,11.7071,0,314,0,0,0
18.4481,23.1612,17.8688,19.9639,22.3641,60.273,36.0662,30.9226,82.7896,50.7436,8.66933,15.5593,8.78702,9.88778,13.0226,12.2491,0,315,0,0,0
18.6481,25.787,16.8312,18.3649,20.4866,55.1714,34.8296,32.4345,82.6663,47.3795,13.5583,15.7168,8.02125,11.1078,10.0178,9.90272,0,318,0,0,0
18.8481,26.7987,17.7726,12.884,19.8877,56.3307,33.9192,36.5246,87.5299,48.4773,13.4953,14.8473,8.50668,10.7001,7.20132,7.87903,0,300,0,0,0
19.0481,26.1417,14.1656,13.5221,21.1701,54.9614,35.0082,29.7522,80.5879,41.8082,10.1785,13.3496,6.77045,10.6239,8.55266,5.57972,0,286,0,0,0
19.1481,22.0448,14.79,14.7317,22.7348,58.8824,34.4495,29.4099,77.6284,43.5063,9.90727,16.8276,7.92006,10.482,8.80244,8.48186,0,286,0,0,0
19.2481,32.2396,13.152,18.4963,24.4333,83.1662,30.7157,7.95313,15.7876,11.3198,8.70561,14.2888,7.53799,9.6278,16.4471,8.8479,0,288,0,0,0
19.4481,27.7035,11.1888,19.1838,21.4796,105.478,22.4005,5.64137,17.1688,11.5986,8.5787,11.7512,3.67562,8.99407,16.8189,9.64617,0,302,0,0,0
19.5481,24.7374,12.5611,20.2129,22.8946,101.513,24.1262,6.65213,17.3451,14.2136,7.25987,12.1634,7.6133,8.15089,15.0237,10.3347,0,306,0,0,0
19.6481,25.3476,11.727,22.2769,20.9009,100.104,24.9369,5.16408,13.0851,11.5052,7.4811,12.1612,2.71989,9.65984,21.1667,15.3844,0,313,0,0,0
19.7481,23.3622,11.7342,23.1396,22.9596,88.5413,30.5266,6.20803,14.4709,10.5745,7.85249,13.8548,5.189,9.06895,13.113,8.65912,0,313,0,0,0
19.9481,18.5175,13.8061,20.5418,24.07,56.1744,38.206,25.9043,70.5247,40.1894,10.9202,13.2245,5.77743,9.85032,15.0414,13.6579,0,317,0,0,0
20.0481,18.7122,14.8201,18.222,24.8951,55.7992,36.9587,80.6788,163.991,75.1671,11.5363,12.5814,5.64253,10.1374,13.1816,17.0482,0,311,0,0,0
20.1481,22.8673,17.944,16.0303,22.6557,55.1379,36.5793,32.7598,79.8801,43.0597,12.7431,12.5908,7.72138,10.068,16.2127,10.1908,0,311,0,0,0
20.2481,21.6863,17.505,14.3536,21.854,53.9042,34.8047,30.1739,79.5758,43.6046,10.574,16.161,8.42475,8.87373,12.5365,7.73783,0,305,0,0,0
20.3481,20.7518,16.6812,18.4239,22.7453,53.8074,30.8234,31.8605,80.7935,43.3245,9.72769,17.8336,10.095,8.21899,10.9305,8.76294,0,291,0,0,0
20.4481,21.7598,18.4279,18.8342,22.8757,57.5163,35.6019,31.2099,78.5894,37.6309,11.5417,14.5748,8.94257,10.3996,13.3693,10.7944,0,292,0,0,0
20.5481,17.6695,18.7862,20.2502,25.1814,54.3879,37.9468,28.5716,76.8138,40.0376,8.21337,16.8006,8.28875,9.24254,10.1338,8.30886,0,286,0,0,0
20.6481,24.5348,12.9202,23.4131,24.9257,72.2965,33.866,6.55729,11.6892,8.18894,9.56567,11.6999,6.88756,7.01921,14.5211,11.3891,0,292,0,0,0
20.7482,23.3252,13.1587,21.7579,22.1696,90.2466,27.6482,5.69415,14.959,6.9529,8.10991,12.6931,8.49856,7.55777,11.813,6.48563,0,289,0,0,0
20.8482,26.6359,13.7005,22.1905,24.6452,94.9203,25.8191,8.16788,17.3964,8.30487,4.24431,14.6868,3.87155,8.5709,13.6936,7.43816,0,293,0,0,0
20.9481,28.2231,11.2247,23.1831,26.5633,96.358,24.1747,7.69073,15.9225,13.1278,6.02824,12.7261,8.49187,7.50793,14.2533,8.08333,0,299,0,0,0
21.0482,24.6149,11.7601,22.4572,23.9156,91.9399,26.8374,6.43701,14.7219,11.8174,5.83681,13.5651,12.0272,9.09965,14.941,9.90101,0,302,0,0,0
21.1481,22.2316,13.5114,26.3422,23.9799,87.4123,30.9379,6.26211,13.0433,8.6017,6.23147,11.8065,4.55011,9.41362,14.8315,9.71789,0,306,0,0,0
21.2482,23.3782,12.9755,28.0076,24.4391,83.5289,27.2173,6.86487,15.8117,13.5994,7.87073,14.8264,9.81476,7.63315,11.804,8.03384,0,303,0,0,0
21.3482,22.6853,11.7132,23.646,23.3223,74.3414,32.9583,5.61961,13.8994,11.2356,8.9048,13.0851,8.27013,8.81038,14.1672,10.6553,0,302,0,0,0
21.4482,20.8604,11.6049,22.8868,26.3555,61.5486,39.3796,80.0792,164.483,79.5087,93.1999,166.706,82.3424,8.41869,14.3179,13.5892,0,301,0,0,0
21.5482,19.2061,13.8613,19.5604,23.9797,54.9282,37.9024,79.0926,164.157,83.1655,8.22262,12.6274,10.4288,10.021,13.2408,11.3727,0,294,0,0,0
21.6482,18.9095,14.0748,24.9978,25.097,61.3929,37.6448,79.5881,164.151,83.2057,9.63913,14.0788,13.6813,9.87225,10.8779,7.69212,0,293,0,0,0
21.7482,24.7416,8.19423,22.8166,23.6386,64.8001,35.5424,80.1893,164.703,81.5616,92.6839,167.183,86.7701,9.20301,16.3515,11.1277,0,286,0,0,0
21.8482,27.943,13.436,15.6042,25.0376,65.952,33.6403,5.95774,12.653,9.05911,91.8747,167.47,89.171,9.32642,15.3035,11.6003,0,288,0,0,0
21.9482,28.7635,12.7446,16.1236,23.122,77.0071,28.881,3.22862,17.2717,6.61525,11.0795,14.3769,1.89142,8.0857,11.325,7.73429,0,288,0,0,0
22.1482,25.1003,11.9389,22.3797,22.3656,94.118,27.8361,5.57071,15.4556,8.35562,7.43405,12.8717,2.60419,9.46505,16.0276,11.6839,0,310,0,0,0
22.2482,25.8128,11.9389,22.3797,23.2667,93.373,28.6391,3.78555,16.9129,7.46768,8.76682,14.3356,6.06957,8.79068,15.6738,10.9254,0,315,0,0,0
22.3482,23.1518,10.4118,21.5838,23.294,85.7563,28.8665,5.92226,17.1714,10.4016,8.43432,12.8915,3.9194,8.11873,15.9417,13.4748,0,315,0,0,0
22.4482,23.2266,10.1627,26.0966,24.4453,63.5671,39.4954,6.70198,10.122,9.54095,10.2179,10.2311,2.86392,8.14423,15.7587,9.94169,0,320,0,0,0
22.5482,21.4606,11.4983,20.1058,25.3927,55.7488,33.0533,79.7133,164.336,83.3337,9.33729,14.0569,6.74655,10.5591,19.1441,15.7618,0,321,0,0,0
22.6481,20.0642,15.3593,18.6167,23.7456,54.9242,34.6832,31.228,79.0189,43.8451,10.9785,13.0946,5.87006,9.76842,11.1513,10.6194,0,329,0,0,0
22.7482,23.9218,15.4,20.2067,24.3706,49.7606,34.7218,33.4429,86.2364,56.5377,13.6857,15.2515,8.0346,10.0824,13.2017,12.9869,0,328,0,0,0
22.8482,26.1403,18.4431,14.7088,24.9758,42.4388,29.5622,34.8298,87.7713,52.2531,10.0387,18.584,11.0002,8.94843,10.7497,7.58475,0,331,0,0,0
23.0483,23.6052,18.0699,12.1466,26.8547,28.2769,27.3665,76.18,164.527,83.3148,6.66584,15.2712,12.8272,9.98006,13.4871,10.8629,0,335,0,0,0
23.1482,26.4984,19.861,13.5491,24.1543,25.8851,20.0387,75.3487,164.687,83.4597,6.91845,14.7962,11.969,9.68497,11.8505,8.99815,0,339,0,0,0
23.2482,26.0442,16.7998,10.0641,24.3687,25.2924,23.2082,25.4228,58.9321,169.691,4.66753,15.4818,6.03247,10.0442,13.5687,10.8638,0,335,0,0,0
23.3482,26.998,19.4415,15.2771,25.694,22.5456,25.4343,9.04956,16.1227,17.492,7.52376,14.4572,11.6724,9.03007,12.6354,12.3268,0,330,0,0,0
23.4482,30.065,19.1426,11.5486,23.4382,19.2787,25.3984,7.16024,14.9616,11.6544,8.62621,16.7781,7.57132,10.5619,16.1098,10.6801,0,318,0,0,0
23.5482,28.893,17.3736,13.9276,22.2563,18.0723,22.6895,76.8413,164.529,87.1179,11.1129,15.4426,7.75985,10.8287,15.4485,9.93714,0,308,0,0,0
23.6482,28.5865,16.4587,15.9968,25.9585,14.5853,21.8847,8.51959,16.4124,12.0048,6.28102,15.4766,7.33866,9.76584,13.6199,13.047,0,300,0,0,0
23.7483,31.1987,17.6359,16.4983,23.3437,25.5992,22.4049,20.2299,52.6007,28.6949,5.37157,15.5923,6.62802,9.4962,15.9359,10.8284,0,0,0,0,0
23.8482,25.4808,17.2592,15.1214,23.1768,44.7646,32.4082,35.3654,92.6336,54.6949,8.1427,16.9906,7.99127,11.9932,17.8995,7.4285,0,301,0,0,0
23.9483,20.2602,15.1279,20.5389,25.587,49.3232,47.1282,74.5097,164.225,88.023,4.69186,12.4383,6.82603,10.4615,14.2356,8.96467,0,0,0,0,0
24.0483,20.7032,15.7832,19.4172,27.1711,50.7493,44.8502,7.88116,7.46204,10.6863,5.64758,12.4383,4.91449,10.0432,16.6391,14.8415,0,317,0,0,0
24.1483,21.2857,13.0097,17.8666,25.2538,70.1739,33.0192,6.75569,12.6058,6.28975,6.71702,13.6857,2.3196,10.3425,15.9093,10.4239,0,0,0,0,0
24.2483,21.271,13.2891,19.5102,25.5862,66.5284,33.0519,7.17119,12.8469,5.47795,4.67612,14.6376,6.13717,9.71272,16.1102,10.665,0,0,0,0,0
24.3483,17.5081,16.2959,19.7792,24.2779,49.9193,41.4568,75.7789,164.214,87.8547,7.41045,12.9918,7.97746,8.88679,14.694,13.4652,332,0,0,0,0
24.4483,21.4615,15.7253,13.4781,20.6491,47.5933,34.9046,34.0179,89.3013,51.346,9.57395,16.8107,12.7917,10.9941,15.9169,13.2141,0,331,0,0,0
24.5483,27.3529,19.6116,14.8235,25.134,31.8728,27.3553,33.9357,89.0878,54.9481,6.29125,17.5286,10.0108,10.5289,13.0181,9.83721,0,333,0,0,0
24.6483,27.121,14.7314,13.0581,22.9582,25.4264,27.6881,76.5017,164.601,85.4211,6.96835,16.1258,9.65061,9.4378,13.4911,9.50772,0,333,0,0,0
24.7484,25.1472,16.2231,14.8592,23.549,21.101,26.5867,5.08778,12.431,10.1383,8.8836,16.5696,12.1878,9.73284,13.7787,10.0561,0,329,0,0,0
24.8483,22.8892,15.8509,11.0559,22.0855,18.0174,27.5101,4.19519,12.9267,11.3527,8.30185,17.3788,8.8529,10.4548,11.6141,7.18849,0,327,0,0,0
24.9486,24.4902,16.1906,14.8102,22.4986,20.0346,24.6912,7.09076,13.9923,12.611,7.30563,17.4062,10.0734,10.1773,13.5249,10.055,0,324,0,0,0
25.0483,26.5709,17.4667,15.7882,23.0873,22.1098,30.9213,7.24499,14.4318,11.3844,6.11825,15.9738,8.88453,8.47041,11.8395,10.165,0,312,0,0,0
25.1483,26.1236,15.9087,14.7595,22.5181,24.8836,31.6554,27.3817,73.014,43.5865,7.02733,16.5828,13.1492,8.88941,11.5611,8.62038,0,312,0,0,0
25.2483,25.6528,19.6515,12.4701,25.4261,31.4885,36.3584,34.953,90.0284,49.4516,7.75568,15.4495,11.4135,8.51313,12.0842,9.35091,0,308,0,0,0
25.3483,23.2176,16.7364,17.2166,28.9478,40.529,32.5038,33.4874,91.9742,55.0778,5.65116,16.6755,7.35187,10.0516,11.0658,4.16441,0,307,0,0,0
25.4483,19.3193,15.8087,18.0929,23.4454,55.3355,36.0889,78.0438,164.226,86.911,10.6964,10.2456,4.17414,9.69691,8.49975,7.33299,0,315,0,0,0
25.5483,21.1396,16.2606,19.5266,24.9686,55.1268,41.6144,78.1493,164.232,87.5972,8.61526,11.9339,11.7881,9.80893,13.615,7.95837,0,327,0,0,0
25.6483,20.463,13.2522,19.4347,25.4156,55.7307,44.2195,77.4653,164.224,87.6485,7.65021,11.4393,5.12735,9.54349,10.2598,7.33906,0,329,0,0,0
25.7483,21.0791,16.587,17.0221,22.1782,46.5054,35.2642,34.1093,87.3017,50.3954,9.88928,16.1333,7.86487,10.2304,12.3554,10.0422,0,327,0,0,0
25.8483,21.6674,18.3991,13.9261,22.1817,44.2079,38.4876,35.5157,90.9283,53.4285,9.28336,17.25,8.43811,10.561,11.4088,6.98366,0,326,0,0,0
25.9483,27.3883,18.5557,16.7264,22.1529,27.3332,27.0115,3.74963,11.2592,9.38261,8.13555,17.7432,12.2981,8.32345,12.1133,10.0265,0,329,0,0,0
26.0484,28.0371,16.6421,11.9505,22.0552,27.6881,30.7119,78.1371,164.516,85.6389,9.47462,18.2379,12.2898,9.05491,13.3416,8.31669,0,329,0,0,0
26.1483,29.6397,17.6645,16.9074,23.4425,30.0367,36.353,78.3381,164.748,82.4187,9.8675,18.2833,12.1737,9.61903,12.8672,7.89848,0,335,0,0,0
26.2483,29.6956,15.2184,17.0004,23.6561,28.8915,31.0659,78.7134,164.853,79.6975,9.65032,17.789,12.3836,8.31655,11.8403,8.30972,0,334,0,0,0
26.3483,29.8034,14.2891,12.3136,22.3091,27.9632,25.8102,79.5499,164.748,81.8295,10.5108,18.5559,9.21099,9.19474,17.3288,11.5868,0,339,0,0,0
26.4484,26.3801,15.9243,15.0404,24.2708,23.0489,27.1127,9.05029,18.1162,18.483,9.09213,15.6921,7.0734,8.71582,12.0643,8.72055,0,340,0,0,0
26.5484,28.6748,15.7908,15.1571,24.0748,17.1276,24.9179,7.36413,14.2647,12.0032,7.54325,16.1975,5.37689,9.01892,13.5204,6.76231,0,339,0,0,0
26.6483,26.0907,14.4,10.1228,24.1495,10.4941,25.069,5.58335,13.2583,10.2789,9.55945,16.6636,8.54752,9.21427,11.0696,2.98681,0,337,0,0,0
26.7484,30.3972,16.6633,15.4419,23.8021,11.2442,24.7415,4.93665,12.2119,7.44474,9.91793,19.2861,11.5031,9.15508,13.3333,8.36355,0,340,0,0,0
26.8483,30.9068,15.6228,12.5096,22.8658,10.9069,23.8964,3.07613,11.4228,8.90655,9.12077,19.1546,12.8599,8.42408,13.4018,4.71322,0,343,0,0,0
26.9484,27.1163,16.1535,14.7071,23.03,8.4527,23.2837,5.5735,14.2695,7.43708,10.418,15.8611,10.8224,9.20009,17.451,8.82417,0,344,0,0,0
27.0484,27.5693,16.1636,14.2901,23.9273,9.74563,21.3433,5.73561,10.9613,7.45219,8.38837,18.8883,12.8047,8.46313,13.4655,8.08313,0,349,0,0,0
27.1484,27.2339,12.9282,15.8496,23.6155,8.16948,16.8409,5.34212,11.279,8.26599,8.53901,17.1351,11.0989,9.79475,17.7008,10.3526,0,348,0,0,0
27.2484,25.2045,15.0622,13.5674,21.1517,5.59636,18.2286,7.00967,13.8404,10.6686,5.24894,17.3964,8.43891,8.8204,11.577,5.10026,0,350,0,0,0
27.3484,21.6572,15.1495,16.1007,18.9445,3.45696,17.7338,8.18567,17.8951,11.7969,6.59637,15.4788,9.98683,7.20939,11.7415,6.05641,0,348,0,0,0
27.4484,22.6645,14.0688,9.47968,17.6825,4.99762,16.5409,9.565,15.273,7.91565,3.23085,18.8579,9.0235,8.76603,14.0003,7.82264,0,345,0,0,0
27.5483,23.336,16.9293,16.5008,17.019,1.43446,13.7294,8.1185,11.1141,7.58572,2.93157,19.2595,11.9334,9.58718,12.975,5.02972,0,340,0,0,0
27.6484,23.2763,14.6646,9.31017,16.7574,1.41964,9.89822,7.60416,12.5464,7.9732,4.32803,18.1922,11.944,9.58718,12.975,6.04528,0,329,0,0,0
27.7484,24.3611,15.1813,12.8494,16.1218,2.50281,14.5091,9.98266,13.7079,4.29614,3.78099,18.1922,11.9334,8.90776,14.0082,7.95376,0,319,0,0,0
27.8484,24.4834,17.0817,12.5451,18.4124,2.95384,11.4506,9.82378,14.0527,10.2674,2.06345,18.9586,8.55941,10.3017,12.8558,2.52173,0,323,0,0,0
27.9484,21.9564,15.9726,13.6967,22.2968,19.1119,21.8197,9.96366,11.3626,10.2192,4.60932,18.62,13.6737,8.25139,11.7553,8.22863,0,321,0,0,0
28.0484,24.5661,19.0962,14.7493,20.1322,23.9808,22.7551,6.16796,12.3925,11.2181,7.85355,18.4243,7.21118,9.46561,14.2987,10.0941,0,332,0,0,0
28.1484,25.7565,17.6731,16.8766,20.5051,27.4085,22.9426,4.80457,11.3682,11.9107,8.13493,14.4382,7.87683,9.23886,11.8197,9.56806,0,331,0,0,0
28.2484,24.6523,16.9835,15.4527,21.5833,28.3923,28.3429,4.97611,11.4698,7.63107,8.4806,18.7157,12.2407,11.337,16.7358,10.9799,0,335,0,0,0
28.3484,23.2389,14.7738,18.3053,22.8262,22.3028,25.1533,6.85994,12.3529,11.5819,7.83611,18.799,7.57088,9.35845,13.592,8.70859,0,335,0,0,0
28.4484,24.2997,15.7837,17.4903,23.6963,14.2255,20.4854,7.66922,10.6081,8.2944,6.51913,18.7136,11.9401,9.40424,13.3789,6.40348,0,337,0,0,0
28.5484,24.251,12.2782,14.9162,23.7503,8.70681,17.2818,9.44089,13.7816,8.46313,4.31761,18.474,7.44857,8.08665,13.7141,6.40609,0,337,0,0,0
28.6484,24.641,13.4278,13.2711,23.0237,7.86839,15.9701,8.63228,13.4228,6.29272,4.23233,15.4203,5.97367,8.63926,13.2051,5.41515,0,335,0,0,0
28.7484,24.0996,14.8886,13.7445,21.7357,6.72744,15.3185,9.75859,13.3449,7.81063,4.27194,17.2565,8.60851,8.45923,13.2918,6.04953,0,335,0,0,0
28.8484,24.7482,14.4371,14.2237,21.631,7.37136,15.9851,6.62226,13.2188,7.69278,6.62877,14.7834,7.56721,7.99608,13.6195,9.43721,0,329,0,0,0
28.9484,25.4487,14.5825,9.64326,22.2524,7.15099,16.5116,8.33217,13.1797,7.69141,5.49406,14.1064,6.18351,8.70025,13.7919,7.24232,0,320,0,0,0
29.0484,25.0062,13.9933,13.9365,23.4531,6.34288,15.8349,9.50524,14.0756,7.68044,6.08474,13.1859,6.18247,8.92584,13.3098,6.82664,0,312,0,0,0
29.1484,25.274,14.9726,14.4401,23.2683,18.9285,26.545,7.65886,11.97,7.62909,6.30755,17.0802,7.75617,10.1331,12.8789,5.83805,0,308,0,0,0
29.2484,28.4627,16.0416,14.811,21.429,31.05,32.1109,79.0798,164.26,81.2741,10.41,17.7546,11.5837,9.85835,12.3241,9.07941,0,306,0,0,0
29.3484,25.7024,15.8036,11.7791,23.5899,33.7572,30.4558,32.7335,82.7715,43.8723,7.94563,17.2119,13.478,9.94805,10.7635,7.22334,0,308,0,0,0
29.4484,24.8724,17.3141,13.6587,21.2499,41.5814,34.0103,38.241,93.005,54.011,8.47245,18.1308,11.8855,8.37425,11.9962,10.9893,0,314,0,0,0
29.5484,23.3687,16.2806,18.4567,19.8117,50.5285,32.7311,34.8,86.3513,45.9898,11.7964,17.1461,11.3959,10.1551,9.21659,6.73125,0,320,0,0,0
29.6484,25.4344,18.3156,19.8584,21.2337,49.8404,35.7006,36.111,86.3122,45.8067,12.0795,20.3738,12.9924,9.19476,14.4124,12.6195,0,325,0,0,0
29.7484,24.7962,19.8356,14.7777,21.3856,38.9978,38.7665,37.6704,92.8135,54.2364,9.45854,21.8529,14.7259,10.0537,8.24922,6.14031,0,328,0,0,0
29.8484,28.3139,17.5545,15.0493,22.634,36.6771,37.4542,37.612,92.1163,50.5426,10.1276,17.6585,11.9254,9.46963,11.8387,9.9273,0,332,0,0,0
29.9484,25.7056,14.7636,15.6969,23.8316,19.7934,22.7073,8.39952,11.8601,10.51,6.20455,17.7408,10.5413,8.02674,11.2175,5.72414,0,334,0,0,0
30.0484,25.5215,19.1849,14.5489,23.3059,14.6341,18.9739,7.36813,13.9918,11.2585,6.49188,19.7948,15.177,9.52907,12.6904,5.72049,0,338,0,0,0
30.1484,24.6389,12.5144,15.2249,23.5612,11.3647,21.3874,9.8223,14.9585,10.5309,5.87922,17.4125,12.1137,9.28985,15.7974,6.6679,0,333,0,0,0
30.2485,26.7352,15.0952,16.9788,22.4448,6.84448,17.4737,8.37682,12.6682,7.09839,4.85865,17.5098,84.5907,7.93173,11.5957,5.0939,0,333,0,0,0
30.3485,25.4719,15.7921,16.3912,22.5841,7.11463,18.0267,6.86513,13.0739,8.28572,3.6618,19.3183,10.8397,8.63399,17.7691,9.92778,0,326,0,0,0
30.4485,26.7594,15.0976,17.629,22.3062,5.83043,17.4258,6.85916,9.80456,8.7627,5.34623,17.171,13.3839,8.23569,12.0922,10.2646,0,320,0,0,0
30.5485,25.3992,18.9714,13.6843,23.2009,10.2613,20.7077,7.15926,12.6771,9.06154,5.33054,18.4699,9.78669,8.66297,12.9456,6.42171,0,313,0,0,0
30.6485,24.166,11.0838,16.4857,23.2015,10.3944,23.748,7.96983,10.4699,7.8984,5.65713,17.4083,8.76832,8.66669,13.544,3.97631,0,306,0,0,0
30.7485,25.7307,15.2119,20.2792,22.4616,16.6672,23.443,9.66969,14.3318,12.0052,6.1519,16.5559,11.9153,8.67722,16.3068,12.2913,0,305,0,0,0
30.8485,28.1846,13.7305,13.6495,21.6103,39.1586,50.9598,37.1266,89.1343,49.0953,5.8319,19.3352,10.9666,9.35863,11.2481,4.03742,0,311,0,0,0
30.9485,21.8231,15.2746,18.3019,20.9665,49.5758,41.5269,41.2737,90.7446,48.4941,11.163,17.7727,12.2714,10.1397,11.4334,13.4814,0,317,0,0,0
31.0485,23.9503,13.5687,18.7462,20.8635,55.0475,36.3563,36.3609,85.3142,47.2496,10.2228,15.7938,8.6814,9.1394,13.754,6.57205,0,321,0,0,0
31.1485,26.6836,14.3457,15.381,19.9184,49.827,40.547,37.4944,91.6957,51.5577,7.5478,15.0661,9.17798,8.90345,12.5486,10.3801,0,328,0,0,0
31.2485,28.5537,15.7199,18.9861,22.7005,36.608,34.3983,35.1351,85.2996,46.0717,5.62535,16.979,11.8812,9.12773,11.1409,6.92664,0,329,0,0,0
31.3485,27.3595,14.0136,14.6836,22.3517,28.8389,30.0487,8.07194,13.5982,15.6089,8.36484,15.0552,10.893,9.12449,11.1497,2.98927,0,333,0,0,0
31.4485,27.1654,15.3041,14.8971,23.8098,25.9506,27.7691,7.66323,13.8046,11.7538,7.87433,17.5959,11.9441,9.31843,16.1095,13.0838,0,329,0,0,0
31.5485,26.1193,15.056,14.1936,22.2386,20.5732,25.4221,8.26237,14.7381,11.4741,7.47189,15.9439,8.23938,7.33262,10.074,5.75198,0,334,0,0,0
31.6485,25.3082,17.64,12.434,22.6786,15.736,28.2126,8.04347,12.0144,8.40437,4.59434,16.0515,8.2406,9.41721,17.1893,10.9562,0,328,0,0,0
31.7485,24.3275,15.3696,16.864,24.613,9.42317,21.0954,11.2565,14.7115,8.08348,4.49121,16.6374,10.9949,8.60317,18.5694,8.54737,0,322,0,0,0
31.8485,21.1234,18.152,17.607,22.9261,13.4205,24.58,11.8097,14.1158,10.4895,3.55399,17.2768,12.4002,8.27197,16.1768,10.7782,0,321,0,0,0
31.9485,24.2558,18.3848,19.2348,23.2559,19.6566,27.5553,9.59477,14.0107,11.4897,4.50044,14.6253,7.53273,8.45138,13.9457,10.3228,0,318,0,0,0
32.0485,24.3032,15.0503,14.0452,23.9613,21.3201,29.4256,11.8057,15.8232,11.0162,4.82022,14.8333,6.08181,8.05451,12.3766,6.11401,0,313,0,0,0
32.1485,28.096,15.8235,15.5334,25.0052,30.8536,36.4345,8.66298,16.7186,18.2278,8.79976,15.2067,6.15139,9.92848,13.3729,8.89085,0,315,0,0,0
32.2486,29.0699,16.0424,12.996,23.0649,37.4685,35.8265,35.9859,85.9656,46.2235,10.5725,16.9324,9.35455,9.95232,17.2811,13.8701,0,322,0,0,0
32.3485,28.6708,14.6538,15.8991,24.0127,38.4843,35.1492,36.8629,89.8755,48.8095,9.23195,18.6052,8.10767,10.249,17.3736,15.8978,0,0,0,0,0
32.4485,28.3809,15.6868,17.7498,21.1082,40.2304,35.0237,38.4853,91.7433,52.3618,8.85512,19.5827,8.98038,9.19785,13.5668,8.9006,0,328,0,0,0
32.5485,24.9722,17.9466,15.6219,21.2656,36.3319,35.9131,35.4751,86.0538,49.6156,6.17067,16.7727,14.8091,7.58228,12.7679,10.9847,0,0,0,0,0
32.6485,26.5001,18.3103,14.1873,22.0963,22.8553,20.4773,7.958,13.7438,9.10202,5.55241,19.4511,8.554,8.61717,13.9001,8.41657,0,336,0,0,0
32.7485,23.1137,19.8118,13.3301,22.016,13.9509,19.2324,11.08,16.0873,10.8256,4.93338,17.6616,12.5337,9.71688,9.92009,3.7493,0,0,0,0,0
32.8485,22.6982,16.3684,12.3743,22.1566,11.5534,22.7122,10.7165,16.3399,9.6975,4.43026,18.2109,11.4941,8.52672,13.6402,5.57162,0,331,0,0,0
32.9485,21.6241,17.847,12.7457,21.3716,10.4898,17.7756,8.55157,12.5947,7.64397,3.18633,18.4281,12.8383,8.19468,12.144,8.09756,326,0,0,0,0
33.0485,24.4552,15.8108,13.3461,18.9703,12.7382,18.4801,8.64311,16.3555,10.4409,5.05822,14.2941,10.7651,8.7974,15.719,7.56184,0,321,0,0,0
33.1485,21.2306,18.8541,15.2963,19.3421,17.7313,26.6649,7.46312,11.1127,8.64452,3.65352,16.9422,12.527,8.85186,11.703,6.30021,0,311,0,0,0
33.2485,20.2292,17.6403,16.1778,21.5771,15.2821,18.9723,10.5888,15.3689,10.8309,4.84636,17.6841,15.2351,7.68218,14.5244,6.83731,0,311,0,0,0
33.3485,21.5713,18.6735,12.922,21.5986,15.2156,18.7816,9.80895,12.6844,11.0155,4.20144,16.5495,9.51422,9.36828,16.0232,7.89629,0,311,0,0,0
33.4485,25.0505,20.3142,16.2183,23.1533,35.2462,33.4413,79.8728,164.626,82.9711,6.10286,15.3164,7.7117,9.54118,13.603,8.54493,0,305,0,0,0
33.5485,22.6357,13.0242,17.7615,24.0556,44.8269,43.6189,37.7037,88.271,50.3208,7.47194,17.7857,10.288,9.38864,9.20057,7.30293,0,302,0,0,0
33.6485,20.566,15.2533,18.903,24.8012,43.4837,37.5824,38.7104,90.1818,47.8743,9.17177,16.1699,13.5295,9.58479,14.2028,11.0043,0,302,0,0,0
33.7485,23.0178,12.7585,19.1568,24.7411,47.9544,42.4925,36.9808,88.277,50.3855,6.32253,20.5979,13.0959,8.92102,10.3799,7.75926,0,299,0,0,0
33.8485,18.6199,11.2305,24.0787,27.2475,45.2695,40.2247,39.0146,89.912,49.8059,6.61703,16.7798,12.6221,8.46324,14.9929,10.2971,0,296,0,0,0
33.9485,16.7931,11.457,22.9161,25.5098,55.7334,38.1155,33.2173,80.13,39.2795,9.84894,16.1913,12.3476,11.1198,13.2271,12.5401,0,296,0,0,0
34.0485,17.3859,12.0407,22.607,26.0423,57.8674,41.5536,82.2992,164.375,80.8345,11.5778,15.2756,4.39041,11.061,13.6666,11.0243,0,299,0,0,0
34.1485,17.607,14.1603,23.3636,25.5827,58.1831,35.1642,81.767,164.418,78.3692,10.6171,12.2792,4.01928,9.86045,14.6862,11.3915,0,296,0,0,0
34.2485,20.4435,12.6148,22.7061,24.8452,60.866,35.9134,80.4748,164.389,80.6623,9.47115,15.1788,12.7398,8.71593,14.9222,6.86749,0,290,0,0,0
34.3486,19.1177,15.6359,21.884,25.703,60.2829,36.6083,79.3449,164.296,82.4752,7.98113,13.948,8.98616,8.65743,15.0064,11.5628,0,287,0,0,0
34.4485,17.4724,15.2389,26.1286,25.9236,69.9019,40.3431,79.166,164.347,79.9466,5.05869,15.3163,5.90706,9.32444,14.8051,10.2507,0,283,0,0,0
34.5486,18.7416,13.0797,26.6268,26.1001,74.0613,36.2652,6.58758,8.51064,7.59785,9.4817,13.8662,85.5963,10.3185,12.4602,4.88614,0,281,0,0,0
34.6486,20.5317,13.7415,29.1677,27.2415,74.7977,35.3556,8.4644,7.53438,10.4966,7.72561,13.1143,6.99697,8.32381,15.056,10.6927,0,280,0,0,0
34.7486,24.6866,15.4788,26.9847,26.0058,85.699,24.9232,8.14,9.49553,7.83589,8.63154,13.0209,8.69256,8.94751,14.9805,5.21922,0,279,0,0,0
34.8486,27.2105,10.6057,29.1507,25.7431,99.1032,15.9276,8.49952,9.29443,7.58031,8.81451,12.6371,3.29514,7.51946,17.228,8.0594,1,0,0,0,0
34.9486,28.681,8.73649,26.7965,26.4501,100.909,20.1724,8.19874,13.3082,10.5806,8.21922,14.9552,9.11073,8.49445,18.8332,8.65476,0,279,0,0,0
35.0486,28.9392,11.763,23.3245,25.5437,104.733,16.4072,69.2196,52.9821,10.8306,10.1866,16.312,5.65839,9.35502,22.1195,9.41025,0,276,0,0,0
35.1486,29.4079,11.0031,23.6239,24.3779,104.853,18.2621,69.0084,53.118,10.6126,9.8314,15.8003,9.14794,8.59733,18.8483,12.2505,0,272,0,0,0
35.2486,28.8629,10.9672,23.6101,24.6839,107.281,15.4322,66.5454,51.7431,9.18065,11.679,9.15565,5.18206,9.24366,20.3265,9.07708,0,271,0,0,0
35.3486,30.0695,8.07726,25.8036,25.1877,113.727,17.6374,67.4784,57.918,18.1123,10.1282,13.7856,5.84429,9.17757,23.4655,14.0117,0,281,0,0,0
35.4486,29.4106,5.18423,28.0509,26.0377,115.457,19.4252,64.9711,54.6457,12.9868,157.513,100.179,7.06887,7.33539,18.617,8.24766,0,296,0,0,0
35.5486,31.8561,6.20136,21.2894,24.2964,122.033,17.8132,60.4993,51.466,10.2821,14.1465,8.46536,3.09193,7.75193,18.9817,11.7462,0,311,0,0,0
35.6486,30.1616,9.66461,23.2041,23.6346,120.681,22.9893,60.9196,50.5183,10.2167,10.1531,15.3431,8.07265,7.5394,18.293,8.78392,0,321,0,0,0
35.7486,27.3493,10.1584,22.854,20.9656,90.8138,25.9247,68.7403,53.3743,13.8973,9.66316,15.4778,8.50208,8.03591,15.004,6.84059,0,326,0,0,0
35.8486,24.6812,16.417,21.1453,22.9823,51.8539,38.2075,81.3401,164.396,82.2019,11.9908,18.0618,16.7287,11.6523,10.999,10.2363,0,328,0,0,0
35.9486,29.3766,15.5988,14.4645,24.4643,42.3778,42.4536,39.0347,92.4332,54.3417,7.15033,18.99,9.57286,9.25266,13.4169,6.61994,0,330,0,0,0
36.0486,28.3708,14.5986,13.8075,24.3514,29.8093,25.6036,78.7644,164.773,82.6411,5.68501,17.8183,10.321,9.81946,17.4964,9.98715,0,331,0,0,0
36.1486,25.3949,16.4551,16.963,25.1537,21.8392,25.4784,80.1552,164.714,84.7642,4.95314,17.3406,10.1919,8.17419,11.8972,6.43862,0,335,0,0,0
36.2486,27.3533,13.8153,15.0303,24.3564,19.1322,21.9522,5.6235,13.0584,10.8891,7.38849,17.5033,6.89948,8.90731,13.7334,7.73853,0,332,0,0,0
36.3486,29.2018,13.3188,18.8089,25.1117,10.7851,18.1585,7.6495,11.6895,9.91685,5.95343,19.8493,13.6242,8.60726,11.3011,5.74449,0,332,0,0,0
36.4486,27.4392,17.5457,15.518,25.9363,9.80431,19.5396,6.72505,8.68128,9.39283,5.63318,18.4607,10.8486,8.49866,12.9996,6.31589,0,327,0,0,0
36.5486,25.3696,13.0555,15.2795,25.1758,7.14219,13.774,8.51239,13.9265,9.44604,3.53192,18.1421,10.7527,10.097,16.932,8.56628,0,324,0,0,0
36.6486,25.6557,13.2239,13.5094,25.1254,7.30191,18.2612,9.50626,13.1175,10.6239,6.78614,17.6299,13.7726,9.02234,17.1261,5.07702,0,312,0,0,0
36.7486,20.8955,16.9208,18.9706,24.0353,6.88491,15.9566,9.93642,11.5445,8.13152,5.4032,17.6683,14.48,8.71052,19.1769,11.8763,0,310,0,0,0
36.8486,23.4868,18.0598,17.3668,24.5888,11.5017,23.5574,8.90047,14.2487,10.7254,4.82348,18.1345,11.3617,9.57036,16.147,7.85017,0,308,0,0,0
36.9486,25.9387,15.4795,18.435,25.072,17.8042,20.7744,10.2262,14.3322,11.475,5.57674,14.9499,8.21243,9.05021,11.3079,2.27529,0,317,0,0,0
37.0486,21.9937,14.8269,16.0315,23.7742,46.9946,38.3395,35.5608,86.2494,47.7251,8.95548,17.3762,14.9172,10.9368,13.4824,7.5707,0,323,0,0,0
37.1486,21.6695,12.2056,19.9006,25.34,50.186,41.971,36.3052,86.632,47.1162,10.5056,17.4335,11.2287,10.7122,15.7462,11.8455,0,331,0,0,0
37.2486,21.927,17.5878,16.8785,25.6107,47.3454,44.0804,37.7147,87.7573,47.5803,9.27179,18.3018,18.1074,10.1891,12.5625,7.85578,0,334,0,0,0
37.3486,27.1023,14.6304,15.2908,25.7303,39.6613,32.1755,31.76,82.1551,49.0124,8.60011,18.4431,13.13,9.55194,8.21228,6.10712,0,333,0,0,0
37.4486,27.2641,15.6005,13.343,23.7385,21.4955,22.8847,10.0641,15.796,12.2695,8.00103,19.2598,14.8026,9.65312,9.48185,2.56441,0,332,0,0,0
37.5486,25.6931,18.3424,13.6183,24.4893,9.82272,17.9049,9.4448,13.7832,7.91488,7.2514,15.6461,11.0116,9.29158,9.14138,2.78711,0,331,0,0,0
37.6486,24.0146,18.378,10.9165,21.5847,11.736,19.4197,7.65948,13.9694,9.62193,5.97798,14.9392,9.77773,9.20253,11.8377,5.12894,0,333,0,0,0
37.7486,24.5138,19.1233,14.9963,21.7578,11.5216,17.3802,8.83456,13.233,10.5967,4.48134,18.1743,10.2321,9.69266,11.7677,7.0873,0,329,0,0,0
37.8486,24.5253,21.1211,15.816,22.5336,10.4476,16.9693,6.86104,12.4166,11.3154,4.96218,15.0291,8.51065,8.98014,13.4605,3.87257,0,316,0,0,0
37.9486,23.4071,18.2296,12.0529,22.4962,11.4027,18.4721,7.84308,14.5453,11.6617,6.1057,16.4592,9.2713,9.24,12.1264,5.49162,0,305,0,0,0
38.0486,24.1874,19.1239,15.2745,21.7332,9.86188,16.0514,7.84515,12.3096,10.7996,7.42823,13.8823,7.40015,9.3168,13.4554,5.46883,0,304,0,0,0
38.1486,24.5784,18.2738,10.158,23.8876,19.5242,26.2399,11.1421,15.1692,10.9768,4.71476,16.6253,8.55606,8.58511,13.0326,7.55272,0,301,0,0,0
38.2487,24.4694,17.3015,14.7341,24.1992,35.6161,33.9534,80.7823,164.769,84.3631,7.90983,14.7686,6.48314,11.5208,14.2167,9.31869,0,304,0,0,0
38.3487,21.6254,14.6769,18.9588,25.7586,49.3524,46.5223,36.2007,86.1821,46.613,7.29277,17.4047,14.2519,10.0704,12.5247,5.25442,0,321,0,0,0
38.4487,24.5328,13.8264,19.5717,22.9203,57.2965,34.0691,34.6549,82.6407,45.011,8.34955,17.3512,16.4903,7.95455,13.4825,7.11983,0,333,0,0,0
38.5487,19.6895,13.6777,24.5042,24.8523,53.0779,35.677,36.1665,82.6101,43.7735,8.25348,20.0341,16.7,10.1128,12.7882,7.8573,0,338,0,0,0
38.6487,24.4607,12.0455,14.5506,22.8213,54.4724,42.9065,33.8186,81.8728,47.4612,6.9745,19.4555,12.2426,10.8714,16.3689,9.44237,0,342,0,0,0
38.7487,24.3214,17.1254,12.0812,23.3739,31.871,24.4911,9.26478,13.2324,9.41758,6.63449,18.3488,14.3384,9.48016,13.0218,8.18673,0,339,0,0,0
38.8487,26.7536,18.4902,13.2272,17.3533,7.42481,14.4586,5.96267,11.7195,7.86523,5.79981,14.8638,6.38792,8.8698,8.34482,3.92682,0,339,0,0,0
38.9487,25.4763,19.052,10.2818,12.2776,2.78964,14.2644,5.29613,13.8194,11.5524,6.8583,15.5322,11.7141,9.16228,10.5793,5.11799,0,338,0,0,0
39.0487,26.1353,18.3905,12.4378,11.5965,2.73163,14.7956,3.19013,11.5387,9.42283,7.44565,15.3473,10.1703,9.54998,10.4792,5.46482,0,336,0,0,0
39.1487,27.137,17.0876,10.2815,11.8648,2.79106,17.5719,4.58857,93.7086,169.955,7.11524,15.6899,11.8885,9.21076,8.24787,0.727896,0,339,0,0,0
39.2487,26.7285,17.8224,12.657,13.5294,4.32108,15.0113,4.21839,11.3893,8.63903,91.1273,166.993,89.3692,9.9666,8.1114,1.54092,0,340,0,0,0
39.3487,24.7403,19.0773,12.4453,13.1543,1.95591,11.6829,7.8997,16.6193,16.1698,5.02087,16.0487,8.14258,8.52285,10.5636,2.09917,0,339,0,0,0
39.4487,26.4177,17.926,12.4772,12.1881,3.50196,15.8818,5.21233,13.0164,9.45343,6.67031,15.7952,10.7058,8.99141,11.5084,1.96094,0,336,0,0,0
39.5487,24.8388,17.4616,9.43908,14.3567,0.727575,11.6817,5.30193,12.3533,10.2929,7.10655,17.0837,12.4266,7.7519,10.7024,3.23313,0,328,0,0,0
39.6487,25.075,18.7558,11.8167,11.913,1.49995,17.0128,5.9453,14.9471,11.2377,5.0248,20.9366,17.7613,8.45757,10.6291,5.47055,0,322,0,0,0
39.7487,24.5465,20.6406,16.5441,12.7764,1.99295,13.9327,4.07616,13.8614,11.2132,7.67502,15.4877,12.2475,8.83396,11.4793,2.06462,0,318,0,0,0
39.8487,25.4361,21.0971,12.4915,12.6521,2.79999,14.2619,4.87162,11.9786,9.53191,5.74423,16.7626,9.19888,8.24219,10.721,6.43217,0,321,0,0,0
39.9487,26.4118,18.3533,14.7008,14.6591,8.24406,17.3599,5.4501,12.0037,10.2919,7.82398,17.0438,14.3503,9.45092,6.87264,2.72118,0,324,0,0,0
40.0487,25.7732,17.7822,15.4572,19.1104,20.7365,23.3077,7.66259,12.6506,7.78545,5.90476,20.1475,12.6722,10.8587,9.39771,2.72258,0,325,0,0,0
40.1487,24.5004,17.0988,18.1292,21.9223,25.895,26.989,9.90644,13.9083,10.4333,5.49563,19.6537,12.8461,9.05326,9.20438,4.42104,0,322,0,0,0
40.2487,25.1042,17.8766,18.414,21.8602,28.1197,26.1518,10.176,16.0633,9.70035,5.28984,19.6865,10.2772,8.77014,10.6974,7.06561,0,320,0,0,0
40.3487,26.0199,18.4299,15.3795,22.8379,22.6021,30.5626,10.2731,16.977,12.9355,7.15034,17.8308,11.0366,10.1683,10.4717,3.21757,0,319,0,0,0
40.4487,23.3967,15.8785,16.1679,22.2158,25.0219,30.9302,11.0257,14.6634,11.4641,6.12173,17.769,8.41273,9.79732,8.47387,0.601737,0,319,0,0,0
40.5487,22.7577,14.7146,15.3438,21.9602,25.3333,25.2577,10.3064,13.2603,8.66859,7.75225,16.0572,9.37336,10.6908,12.2942,5.90957,0,316,0,0,0
40.6487,23.4933,15.4698,17.8226,24.4605,27.3467,22.0964,10.4504,13.8913,10.6418,4.59313,20.5956,9.71519,10.111,12.99,8.88329,0,311,0,0,0
40.7487,26.2237,15.2618,16.6081,22.8787,24.3435,26.5225,10.227,15.9377,10.5146,4.49153,19.8596,12.3836,10.2832,10.7571,6.63895,0,306,0,0,0
40.8487,24.7874,15.6182,16.3279,23.6867,32.0701,28.4791,10.6819,17.0888,13.1107,5.15791,18.2944,11.0993,10.1692,18.9722,14.8196,0,305,0,0,0
40.9487,24.1294,19.3294,16.6823,22.1584,35.8509,36.6669,8.6424,14.1612,10.4177,7.35554,17.848,8.93117,9.29124,15.4182,8.85345,0,302,0,0,0
41.0488,26.0187,14.5047,13.4138,19.1929,45.0188,42.0394,34.7353,82.5326,45.1318,8.4586,21.3921,15.7712,10.3187,11.0494,8.13942,0,0,0,0,0
41.1487,21.6138,14.0965,17.1064,21.5727,49.204,39.1033,34.3881,84.516,45.9362,8.14714,16.8666,14.4289,9.87606,11.5936,8.90279,0,311,0,0,0
41.2488,22.0414,14.7375,18.3774,20.6044,46.1661,35.8134,37.5332,86.2434,49.5145,9.99881,16.1572,14.1033,10.0154,10.4736,2.68346,0,0,0,0,0
41.3488,22.064,11.0359,20.4246,21.7849,44.8029,39.0598,37.0808,85.8001,49.21,9.43071,16.1791,11.5844,8.89509,9.85039,4.43871,0,304,0,0,0
41.4488,23.3302,15.5002,21.3516,20.0119,50.4833,41.815,36.8238,86.7299,50.1375,9.69742,16.7791,12.5733,10.6297,18.2394,15.3276,0,0,0,0,0
41.5488,23.9397,14.8075,15.2642,22.1979,47.9919,37.6757,37.4105,83.7691,45.0508,11.905,18.9002,17.5842,12.9602,18.4156,8.56562,0,43,0,0,0
41.6488,24.8451,18.2697,11.8502,24.6532,48.1265,48.4363,35.7837,84.0239,47.093,9.39661,19.9606,12.9786,14.0382,8.42847,5.40457,1,0,0,0,0
41.7488,23.1458,14.8786,17.3895,21.7946,54.0123,44.2672,36.5196,84.199,46.8633,7.28436,18.9207,12.3949,11.0186,14.7645,5.00577,0,295,0,0,0
41.8488,23.745,10.7439,19.9681,21.4161,48.3669,33.6658,37.271,83.2946,44.7182,9.34996,19.8381,16.7027,8.59939,13.3469,3.35083,0,293,0,0,0
41.9488,24.3373,14.5408,21.2071,22.8113,59.138,38.8722,86.428,165.24,76.4231,9.39179,15.9172,13.2702,8.82449,14.9178,6.67423,0,296,0,0,2
42.0488,23.4234,11.7175,23.4558,23.6617,61.8875,43.8037,84.7154,165.347,78.8349,8.36283,15.7815,9.29071,8.09838,15.4516,12.6562,0,294,0,0,0
42.1488,22.6539,12.1323,24.2563,24.195,59.6061,36.7223,86.6987,165.575,78.1346,8.82301,19.2495,15.3749,8.95187,15.6514,10.7267,0,290,0,0,0
42.2488,21.8835,10.75,25.5322,22.8983,64.877,42.696,86.8349,165.599,73.612,10.3802,15.7162,7.85733,8.95584,16.1995,5.88669,0,294,0,0,0
42.3488,26.0462,14.9241,19.5425,22.7024,65.4042,41.262,86.076,165.257,74.1308,8.45552,19.0199,15.7065,9.67249,14.7002,10.1023,0,288,0,0,0
42.4488,26.0026,14.9015,16.8061,21.5473,64.6066,43.5594,85.9156,165.334,76.2486,9.5776,18.4137,14.8681,8.54634,16.0035,8.99636,0,287,0,0,0
42.5488,23.578,9.72259,21.4103,22.1175,65.46,42.5804,86.416,165.415,76.1921,8.40513,17.6811,9.43856,8.19983,17.644,14.7827,0,287,0,0,0
42.6488,22.4814,12.4877,16.7785,22.4135,59.3537,40.4929,85.4475,165.226,76.7015,8.05375,17.6716,10.5818,8.85345,16.2275,9.03502,0,286,0,0,0
42.7488,20.6717,8.74681,24.9316,26.5013,57.287,52.6564,8.8958,10.9498,10.6164,7.72455,14.0397,6.58706,8.2722,20.4982,12.9647,1,0,0,0,0
42.8488,17.1625,12.881,24.455,28.6486,58.9444,52.2903,10.1181,13.0026,11.577,10.5828,14.1544,9.41515,7.7315,21.0375,14.2675,1,0,0,0,0
42.9488,17.375,11.7935,24.9679,29.1354,52.0596,62.5106,9.73251,13.0266,7.73459,9.82097,14.0304,9.96956,7.88907,21.9336,14.0767,0,280,0,0,0
43.0488,13.877,11.5101,25.0124,29.6639,58.4399,55.366,85.4553,165.796,79.1494,11.8653,16.7923,17.1616,7.65409,19.186,9.72238,0,281,0,0,0
43.1488,18.5536,13.5722,26.5338,28.597,63.3539,53.385,9.64202,10.5244,11.3326,9.99637,13.1318,7.95698,9.0331,16.0179,3.52766,0,280,0,0,0
43.2488,19.8569,12.1887,21.4699,30.0803,80.1468,40.0471,10.58,11.9311,13.5473,6.60699,16.8496,10.4834,8.22823,18.1401,6.17807,0,285,0,0,0
43.3488,20.7274,11.3875,19.1168,25.6382,74.1539,46.818,7.3008,13.0131,12.3748,8.15451,18.4345,14.2423,8.71044,16.5331,11.9193,0,298,0,0,0
43.4488,18.8202,10.7973,23.7252,31.5108,80.9002,36.6393,9.06083,11.1141,10.3879,9.05412,16.5404,11.8462,6.83179,12.5199,4.50822,0,317,0,0,0
43.5488,22.1207,9.76547,22.3858,23.6218,85.0858,34.3836,6.22513,12.5166,14.4153,8.39088,18.5865,7.92558,10.6526,8.93671,4.53614,0,328,0,0,0
43.6488,21.3852,9.16913,20.4429,26.987,59.963,54.1052,6.44739,10.2863,7.72706,8.31929,18.7835,15.2096,8.17438,13.7532,12.3057,0,334,0,0,0
43.749,27.2168,17.2866,16.0129,24.2854,39.0524,26.9313,85.2294,165.14,78.9319,6.38258,21.509,13.7303,9.98891,12.9281,12.5094,0,333,0,0,0
43.8488,23.9555,19.8634,15.4674,21.9102,23.5533,21.3282,9.92546,13.0245,9.2657,4.49192,16.761,86.1661,10.6645,12.2341,7.32285,0,336,0,0,0
43.9489,26.175,19.326,12.2619,21.7882,20.3955,20.063,9.71771,14.6313,14.2273,6.70424,17.3617,8.31233,10.8445,15.915,4.91678,0,328,0,0,0
44.0488,25.4347,18.7702,13.604,19.9082,10.5272,18.9001,9.155,13.7707,8.95675,6.81184,20.7152,14.6043,10.7899,8.5071,4.54579,0,320,0,0,0
44.1489,25.1479,20.7921,12.5922,19.2642,10.5798,25.6252,8.44159,14.2305,13.2549,6.86003,19.007,13.1838,10.8795,11.8038,1.0766,0,304,0,0,0
44.2488,26.6081,20.0614,12.7971,21.457,14.7424,22.1365,9.95326,15.5519,11.7403,6.76752,18.7344,14.5277,10.053,7.28291,3.83945,0,297,0,0,0
44.3489,26.785,17.7454,10.66,21.8443,22.3341,18.958,9.43873,16.7856,10.7187,5.71951,17.9252,6.79304,10.8675,17.344,4.94278,0,308,0,0,0
44.4489,26.1587,18.5803,12.6633,24.168,40.7308,35.0454,6.95844,12.7407,12.7741,7.83473,19.3586,12.0434,13.3073,8.41216,3.99071,0,319,0,0,0
44.5489,22.0376,11.87,21.2001,23.7119,53.6041,39.3228,37.5406,84.6632,51.0465,8.66004,22.5931,15.7428,9.127,14.2387,6.53049,0,324,0,0,0
44.649,24.8774,17.8287,19.1806,20.8634,50.8985,39.5182,38.0026,85.3851,49.5818,11.3522,20.281,12.3223,9.97588,11.6833,4.98489,0,331,0,0,0
44.7489,26.6069,17.2573,7.9215,25.441,32.0848,25.9375,9.45203,14.6835,12.3173,5.70661,21.3802,12.9267,11.1822,14.5812,11.7333,0,331,0,0,0
44.8489,26.0224,20.8163,15.5563,23.2858,22.5711,17.5672,8.9701,14.6944,12.3355,5.6312,19.7546,10.1842,8.52787,12.4441,7.65165,0,329,0,0,0
44.9489,26.429,17.7274,11.3098,23.6709,13.3469,19.3945,9.43489,13.1951,9.65036,5.64734,20.3889,11.4034,11.1671,12.1833,2.46276,0,330,0,0,0
45.0489,26.4364,19.6849,12.4578,21.7274,13.3136,19.7162,6.72806,14.6357,11.0725,7.59843,19.1646,14.1089,9.92522,12.2306,3.28949,0,325,0,0,0
45.1489,25.0186,19.3947,12.0262,23.8427,11.9537,16.3393,8.64943,14.2714,12.7044,9.00068,17.7594,16.6229,9.56047,11.8229,1.96273,0,316,0,0,0
45.2489,25.688,19.3947,11.5049,23.9764,12.5482,17.7809,10.0257,14.9655,12.7233,7.60417,18.9492,11.4166,9.93488,13.5584,1.76279,0,307,0,0,0
45.3489,25.9301,20.1847,12.6999,24.885,14.4618,25.5151,9.82016,14.921,12.7083,5.7767,17.0578,10.1052,10.1043,14.3023,7.8974,0,303,0,0,0
45.4489,26.1869,17.8017,13.8236,27.6282,29.267,28.9254,10.0766,14.4446,9.9046,4.34138,21.8461,10.9249,10.6868,13.9659,4.99319,0,304,0,0,0
45.5489,21.1942,16.0174,16.784,23.7789,47.9052,47.6142,38.2294,87.3752,49.7028,11.6856,20.2674,15.6744,11.3135,16.8773,11.1099,0,308,0,0,0
45.6489,19.7742,10.0733,20.9052,25.2165,51.7467,40.5302,36.8263,84.7903,48.9508,11.3796,17.3207,12.3987,11.9597,14.7314,4.39116,0,312,0,0,0
45.7489,18.3709,11.7484,21.2244,25.6398,54.1854,39.7565,38.8133,84.5396,50.8362,12.4195,18.4326,14.6279,11.6661,14.0919,6.47817,0,317,0,0,0
45.8489,18.1773,13.9335,20.3701,25.537,52.4671,40.5316,37.9254,86.3411,52.0591,7.79701,20.5774,12.0379,10.5421,13.1323,0.66451,0,325,0,0,0
45.9489,24.3314,17.5787,15.6227,28.0599,45.1221,47.9653,38.3792,86.9531,53.3752,11.6062,20.5573,10.7836,12.9937,12.2576,6.56212,0,328,0,0,0
46.0489,25.3111,20.4963,15.254,27.6735,31.9222,28.2634,11.3789,16.0904,11.3212,6.55059,19.8881,7.81549,11.4257,16.0357,10.515,0,326,0,0,0
46.1489,26.6871,16.8648,15.552,28.1949,25.3811,24.0357,10.8585,12.6906,10.3697,7.65448,18.4859,9.18512,13.4585,12.0072,0.201165,0,324,0,0,0
46.2489,27.3941,18.6613,16.2476,27.0873,23.1889,22.3463,12.14,15.1431,13.2175,6.42641,19.8799,15.4219,13.191,12.0206,3.55482,0,320,0,0,0
46.3489,24.937,17.9179,15.273,28.4251,19.5431,23.8212,12.0131,14.8968,12.3728,5.5742,20.5601,12.5284,12.9519,6.19104,8.45327,0,312,0,0,0
46.449,25.1636,17.6264,12.9638,26.3682,19.8517,17.1076,8.98648,10.7,6.18636,7.35114,19.054,7.45949,12.7572,12.9983,2.35823,0,305,0,0,0
46.5489,29.0666,21.7151,13.3468,28.3312,25.4127,25.8215,10.8136,13.357,9.9465,7.77275,19.5187,10.1532,13.4236,7.93657,6.25865,0,295,0,0,0
46.6489,24.827,19.7669,14.7969,28.9269,31.4869,30.3427,9.45063,14.8166,11.7806,8.29068,18.5299,10.2689,9.63897,12.277,5.35624,0,295,0,0,0
46.7489,21.461,15.541,24.0855,25.8328,51.2847,37.2085,38.7441,88.5816,52.5634,9.0445,19.1856,14.6197,9.82796,17.4379,9.55597,0,290,0,0,0
46.8489,24.1778,14.2668,18.3841,25.6122,59.4087,38.2098,83.0283,164.771,81.2411,10.1433,22.4748,23.5025,9.47205,13.7577,8.26173,0,290,0,0,0
46.9489,24.9553,13.8987,20.4878,27.0392,60.6605,38.5768,6.64817,11.1934,7.68772,9.22562,18.8505,14.958,9.49961,14.8639,6.69896,0,290,0,0,0
47.0489,26.258,10.9264,21.0194,25.3439,82.3886,24.2066,9.38401,11.7317,13.8127,7.0782,20.3159,15.1138,9.69509,19.6942,8.21889,0,285,0,0,0
47.149,35.1028,13.6075,23.915,73.1493,173.867,110.927,5.83925,14.6435,10.7764,11.2403,16.0588,8.83727,8.24496,15.6536,12.3881,1,0,0,0,0
47.249,32.1445,13.0955,13.2003,22.9743,92.8231,22.0769,7.76986,15.1457,9.4713,12.427,13.8909,17.3031,8.81819,17.6413,15.0267,0,283,0,0,0
47.349,25.1013,6.37755,23.4833,27.3213,92.4849,21.5462,8.03953,15.9378,14.0515,9.5264,15.1361,11.2923,9.5123,17.9946,5.90184,0,277,0,0,0
47.4489,31.6582,11.329,21.6094,24.3478,95.28,18.1474,5.04869,18.3289,13.2784,9.86477,19.8082,18.2906,8.08194,11.9979,4.43987,0,272,0,0,0
47.549,29.7708,11.143,24.5834,21.3803,105.114,11.681,67.1925,55.9108,12.6451,11.9402,16.116,11.1914,9.36424,13.5523,2.0364,0,272,0,0,0
47.649,35.5911,13.9677,15.2309,17.3658,113.151,12.6326,64.5466,54.6322,10.9011,13.5969,16.2538,6.097,11.2198,18.0638,8.05576,0,268,0,0,0
47.749,34.3459,12.0587,18.9748,22.3267,118.029,7.99335,62.1269,55.0634,13.3557,10.6451,16.191,12.6095,10.6358,10.4845,1.15191,0,267,0,0,0
47.849,34.1604,7.93466,18.2576,26.5183,124.3,6.21329,59.4119,55.343,17.811,11.6883,16.4194,7.1108,8.39217,12.6652,3.74456,0,268,0,0,0
47.949,28.2012,9.28832,21.8578,25.3149,120.559,4.77749,59.812,53.9943,16.5566,7.18231,23.4297,15.361,8.87222,17.0374,7.42321,0,272,0,0,0
48.049,32.1245,10.1558,17.3576,24.4963,119.779,7.65827,57.6606,52.0396,13.8611,9.10524,17.4076,8.20488,8.46062,17.2481,6.53113,0,267,0,0,0
48.149,34.393,6.93057,18.2764,20.9661,125.207,15.1952,58.5652,49.5132,10.301,8.90065,18.2947,11.3521,9.59138,18.4838,6.81937,0,270,0,0,0
48.249,29.4211,7.94949,20.7661,23.5189,121.311,12.0587,54.8378,51.2248,13.6055,9.59486,19.5895,14.3557,9.70722,14.3359,8.63297,0,266,0,0,0
48.349,24.6923,6.75226,21.4639,30.3079,113,13.5311,156.48,99.7191,13.4785,9.05431,17.7836,10.338,7.14445,9.92224,1.07214,0,268,0,0,0
48.449,32.2457,7.91046,18.2237,23.7849,122.037,10.941,156.229,99.6497,16.2174,8.31778,21.0889,12.805,8.62244,15.7744,6.97298,0,264,0,0,0
48.549,28.0879,6.56517,22.4147,28.0044,120.819,7.84219,156.504,98.6338,15.5159,9.19931,17.1613,7.01302,7.71092,10.5074,4.55466,0,262,0,0,0
48.649,31.4999,10.8871,23.674,24.5079,119.711,15.4773,53.3744,49.2823,13.6051,11.3218,18.3521,11.2096,9.89441,21.2281,9.78163,0,267,0,0,0
48.749,29.9383,8.83907,19.1972,24.133,125.649,7.76645,156.221,97.4931,12.7953,8.7681,19.2107,10.9877,10.5644,17.4907,1.49543,0,274,0,0,0
48.849,23.9704,10.6714,24.6399,26.7732,130.577,6.89439,156.11,103.871,17.865,7.49024,22.2841,13.6148,9.01052,15.6766,7.14598,0,293,0,0,0
48.949,27.6554,5.89624,20.4612,24.4688,123.22,17.3188,6.54469,15.9418,13.9043,8.45991,18.1057,7.62186,9.60218,18.3864,8.42828,0,301,0,0,0
49.049,26.9249,11.2515,18.9842,24.0576,120.042,9.69161,5.47022,15.3283,14.1563,8.40136,21.7119,12.2694,10.4573,12.8846,2.98818,0,306,0,0,0
49.149,21.4477,17.598,24.3971,25.1856,64.2498,45.8769,8.80564,8.9654,9.96539,9.52703,18.1805,20.7744,9.61379,11.3767,3.13029,0,304,0,0,0
49.249,21.9797,14.0131,20.0605,18.771,60.138,36.1305,84.9395,165.513,80.7689,10.2596,21.5732,19.4873,10.8514,14.2041,2.49349,0,299,0,0,0
49.349,21.5127,12.0587,20.9607,21.3504,56.6096,39.7462,83.8851,165.481,81.239,8.00252,18.6458,13.9201,9.80849,13.5005,0.550767,0,293,0,0,0
49.449,22.1194,15.1513,18.8804,21.7096,53.6195,35.7798,38.9067,86.9813,47.8927,8.17506,21.49,18.4705,10.5337,13.1203,2.36807,0,288,0,0,0
49.5491,21.9676,11.4824,17.8116,21.6854,55.8619,38.6016,83.7336,165.419,81.1993,9.16931,21.2951,16.6494,12.7135,17.5637,6.7539,0,285,0,0,0
49.649,21.5908,15.2414,20.8359,20.6572,59.9483,43.9447,3.27702,14.2303,10.6167,10.8022,20.0442,13.2715,10.3978,17.3879,8.08238,0,0,0,0,0
49.749,22.5951,12.3703,23.1847,25.5374,63.4613,43.0831,83.1415,165.697,82.5226,7.14898,21.3527,15.6012,9.48539,18.0109,10.7776,0,277,0,0,0
49.849,28.4087,11.1684,18.574,21.3295,93.2137,20.9289,5.2367,15.9459,13.8165,10.9613,21.4609,19.774,8.64499,11.2023,0.719845,0,0,0,0,0
49.949,31.2378,14.5182,18.7834,20.3427,109.71,14.736,67.4869,56.5215,12.1546,13.2193,17.0861,14.0995,10.048,12.7946,4.41428,0,300,0,0,0
50.049,28.8774,14.1497,16.4811,18.9517,111.96,10.3848,64.3016,58.0229,16.7932,12.1684,15.1741,12.8369,9.42748,13.832,4.6544,0,0,0,0,0
50.149,28.9061,7.54508,14.5068,22.0853,100.03,16.6668,70.1474,60.5112,14.2337,8.84401,22.0629,20.1575,8.60955,11.8783,3.76553,0,304,0,0,0
50.249,23.6586,6.59442,20.4575,28.3145,59.727,41.6483,9.47028,12.822,9.64865,8.20745,15.3614,9.8407,8.06169,21.2791,15.3531,0,305,0,0,0
50.349,23.2421,15.6327,21.0179,22.6466,59.4924,37.3104,83.2895,165.422,85.3975,11.1297,17.5484,12.0535,9.42917,14.479,9.62866,0,302,0,0,0
50.4491,20.9244,15.3144,19.4708,23.4267,58.7166,36.2941,82.4814,165.212,83.6776,10.4355,18.0403,14.0538,10.7906,11.2112,6.51045,0,304,0,0,0
50.549,21.6931,15.5278,18.3642,24.9883,54.6084,37.6878,83.2533,165.393,87.6605,11.7152,19.1438,16.4162,10.629,17.2943,6.72486,0,307,0,0,0
50.649,23.0681,7.64991,20.9532,23.777,63.9629,32.8108,81.8869,165.261,84.6321,11.4672,16.4542,9.22889,11.1319,15.6555,7.29447,0,299,0,0,0
50.749,20.425,11.3664,20.961,22.8277,55.8722,39.0263,80.6883,165.068,87.3505,11.0585,19.8715,13.6001,9.89741,20.9873,14.5322,0,296,0,0,0
50.8491,21.7528,15.1084,15.569,22.5806,55.9145,43.627,33.6972,80.2233,47.7507,11.7727,19.2863,9.52169,9.99635,9.51985,5.80444,0,294,0,0,0
50.949,22.1869,13.9407,20.4345,25.2429,54.6855,33.0029,79.8106,165.142,86.4422,9.09731,18.3132,9.89247,9.33042,15.2076,7.5216,0,294,0,0,0
51.0491,24.4997,15.2153,25.3684,28.2379,55.4129,42.2316,81.0362,165.686,88.0633,8.97415,17.1473,13.4612,8.84387,17.5465,12.6173,0,294,0,0,0
51.149,23.5129,11.9775,24.507,28.4351,58.5678,41.4844,79.7623,165.692,85.4837,6.57591,17.32,12.4997,9.24159,15.3742,6.77664,0,290,0,0,0
51.249,26.7952,12.2243,23.4995,25.9704,72.9079,31.5839,8.54818,13.3095,10.6829,10.7,14.7927,7.3618,8.58715,15.0239,7.97511,0,290,0,0,0
51.3491,28.0592,11.4768,21.9215,25.0449,85.8964,24.4181,6.65323,14.2247,10.8637,8.21139,16.6458,11.2968,9.49791,15.0319,4.43194,0,300,0,0,0
51.449,27.9194,11.1235,21.9374,24.768,93.0447,19.0112,7.6427,15.0934,13.617,11.2881,12.9087,4.95227,9.88882,16.9208,5.86975,0,303,0,0,0
51.5491,27.0751,11.2767,16.556,23.3768,90.9999,20.2855,5.47734,18.4214,15.1331,11.9762,15.432,13.5705,9.49489,16.4805,6.77524,0,306,0,0,0
51.6491,27.4141,9.45452,19.6897,25.3974,78.1467,30.2001,8.09947,16.0368,11.4382,9.39055,16.7259,10.8851,10.7004,19.0306,6.21396,0,303,0,0,0
51.7491,19.9456,16.6883,19.4945,26.4616,60.5583,36.4585,80.294,164.937,85.5436,10.8399,16.1422,17.2041,8.94221,12.3984,2.9006,0,304,0,0,0
51.8491,22.3144,15.761,19.2373,24.8712,54.6966,38.3222,80.9683,164.967,88.5465,12.885,17.2992,14.9905,11.1732,11.874,5.02571,0,301,0,0,0
51.9491,24.6093,14.8291,20.1315,23.4946,55.0028,36.0154,36.2518,81.9826,50.2417,10.6465,19.5323,13.9811,10.23,13.9522,10.749,0,294,0,0,0
52.0491,20.8876,16.0531,21.6419,24.1155,57.0555,38.1817,37.4363,83.9253,51.1395,10.0232,19.9141,12.4067,10.5148,12.3316,5.01813,0,286,0,0,0
52.1491,22.0039,17.2592,20.7077,26.8359,56.8421,38.3352,80.7571,165.149,86.0804,12.8665,16.8117,13.2434,10.7716,13.3365,9.36404,0,283,0,0,0
52.2491,23.4624,11.5019,21.6375,28.9039,58.2032,41.9805,78.5282,165.315,87.6927,8.94377,16.3894,13.6076,9.95139,17.2876,12.5101,0,279,0,0,0
52.3491,25.3733,11.5023,20.3325,25.8717,72.0409,30.7646,6.84866,14.1263,11.4019,11.0114,15.8943,9.36011,9.17458,21.0372,10.2902,0,276,0,0,0
52.4491,27.366,12.501,15.9928,23.9,97.1571,17.5988,7.02011,14.9445,13.8389,10.6658,15.8214,11.7593,9.50126,21.0453,9.38082,0,274,0,0,0
52.5491,28.9194,14.2098,18.7013,20.212,98.9115,18.2772,68.1283,57.4564,10.6732,11.0765,17.5156,10.8475,8.80049,13.8159,6.2372,0,270,0,0,0
52.6491,29.7958,13.5824,14.6872,19.969,108.271,16.8059,64.8195,52.7313,8.37489,11.1253,17.6642,12.3892,9.54068,13.0339,5.36253,0,1,0,0,0
52.7491,27.4203,14.6626,22.4932,20.5137,109.376,18.0451,61.3155,53.0073,10.6031,9.47022,23.3045,21.9762,8.32833,9.36123,3.6648,0,268,0,0,0
52.8491,26.1842,10.0754,18.5111,23.6826,112.457,17.0912,60.7779,53.4385,11.5988,12.8134,14.8724,13.2045,8.68886,8.96468,6.68825,0,277,0,0,0
52.9491,28.1152,11.7656,20.2918,25.1251,113.637,19.2763,7.60857,14.6373,12.1096,12.9173,15.7266,15.0913,10.4282,13.05,7.3237,0,289,0,0,0
53.0491,28.6285,10.0634,20.3444,20.6259,121.935,14.2704,155.792,101.332,12.6477,10.6329,14.8016,7.59051,8.4494,17.1941,10.0578,0,293,0,0,0
53.1491,29.6172,12.1707,18.9729,19.8164,124.905,12.6645,55.6097,48.488,12.3143,13.2694,14.1582,12.2527,9.96911,15.8492,11.6782,0,299,0,0,0
53.2491,24.7594,9.46304,22.2747,24.0404,115.589,11.2621,61.6464,53.1799,13.0575,12.9872,13.1841,9.1215,10.6887,15.1238,9.83268,0,295,0,0,0
53.3491,22.496,12.6184,16.5819,26.3632,76.2628,34.7996,9.34741,14.6552,10.0989,10.7319,15.1842,15.2016,8.56195,14.1668,6.51983,0,291,0,0,0
53.4491,22.464,13.0095,17.1684,26.2127,60.8123,44.0906,81.0637,165.132,89.4325,9.67099,15.3393,5.8694,9.34579,14.6545,7.6051,0,287,0,0,0
53.5491,22.7296,12.7464,21.8898,26.7782,59.9921,43.3548,81.0381,165.351,85.7298,8.55333,17.0829,9.15532,8.57073,17.0339,6.21095,0,288,0,0,0
53.6491,22.5854,12.6184,18.7435,24.4125,71.8528,34.5802,8.3362,12.0229,8.76185,9.21826,14.5122,8.96821,8.87343,15.7055,9.87988,0,286,0,0,0
53.7491,26.0073,13.5292,18.2598,23.3295,77.0254,32.7492,5.73891,15.8245,10.6843,8.67876,15.6543,9.25183,10.3373,16.8335,5.21867,0,283,0,0,0
53.8491,27.0619,13.2856,19.5661,22.1945,86.2951,26.8652,6.54228,14.7409,10.5833,7.43241,18.7654,8.70985,8.60839,13.0023,6.16359,0,278,0,0,0
53.9493,26.5599,8.77108,18.8786,23.265,96.5215,21.1261,7.32673,17.7309,15.7825,10.1558,14.2193,11.6569,9.25013,15.2374,5.51068,0,278,0,0,0
54.0491,26.8752,9.06412,13.6614,22.8211,104.811,13.6165,5.49792,18.0724,17.4207,10.1523,16.0798,9.78142,9.74338,13.1895,6.15377,0,286,0,0,0
54.1492,33.5934,12.2402,17.3016,20.6416,109.967,12.0212,65.7677,57.0699,14.7392,11.0052,15.6359,7.96148,10.0549,15.3079,4.26818,0,289,0,0,0
54.2491,30.1197,11.65,17.3406,21.2861,114.732,12.6488,62.4578,55.1911,11.7114,11.4417,17.6197,15.2856,9.50376,18.4884,11.9835,0,292,0,0,0
54.3492,27.2948,14.7562,15.8834,21.0866,100.443,16.6792,5.45898,16.6001,11.6291,9.58531,20.1976,15.8901,10.7088,12.7449,8.5685,0,300,0,0,0
54.4491,26.4263,13.9804,17.512,25.488,83.1339,25.1815,6.65834,16.9446,8.29069,10.0669,16.0201,8.43685,8.94154,17.9382,11.4183,0,296,0,0,0
54.5492,22.937,9.49064,22.6221,25.7851,75.3617,31.4768,8.79121,11.5478,10.5023,7.01931,15.7005,13.271,10.1752,15.1166,4.22254,0,296,0,0,0
54.6492,20.7532,9.69851,18.25,26.5114,57.7501,41.018,79.8159,165.218,85.5872,9.97309,16.8744,14.8185,10.2479,17.1133,13.3636,0,288,0,0,0
54.7492,24.2392,12.9844,13.2192,24.8661,60.1333,37.2064,79.9523,164.983,88.5176,11.0302,13.8977,8.52251,10.3565,11.9955,5.75632,0,286,0,0,0
54.8492,23.5791,13.1761,22.4224,26.9865,61.5074,40.672,79.4168,165.265,89.3699,7.24923,16.6886,10.1601,10.0621,18.5633,8.14176,0,287,0,0,0
54.9492,21.1978,10.8037,24.3066,29.2655,59.3764,42.0236,9.20652,11.9768,7.53811,8.02635,14.1572,6.96836,9.23848,15.7631,8.2744,1,0,0,0,0
55.0492,24.7181,10.5309,21.4024,26.6313,77.6567,30.3053,8.61982,15.4452,11.328,9.52233,15.1166,9.20576,9.25697,18.0611,10.5473,0,283,0,0,0
55.1492,25.2413,7.91679,19.539,27.4843,87.4229,25.7427,8.69751,17.9489,11.183,9.07089,14.7538,8.71779,9.45023,14.9012,4.43345,0,281,0,0,0
55.2492,29.6885,13.5862,18.7917,22.9912,100.129,15.4015,6.87391,17.4912,13.5046,9.98113,15.4521,10.7532,9.32886,12.9861,4.96814,1,0,0,0,0
55.3492,31.2356,14.3665,18.8784,20.3015,101.709,17.3574,5.5705,15.9412,9.6052,10.2121,17.4084,8.58256,9.30023,15.1746,9.56958,0,279,0,0,0
55.4492,33.551,12.8138,13.8237,18.345,105.996,16.396,67.7295,59.9141,13.9132,11.1051,14.0531,6.34293,10.3373,15.7965,13.3013,0,281,0,0,0
55.5492,31.9762,10.51,19.6773,20.258,107.472,18.7263,66.5734,56.5192,11.5457,10.8472,17.5611,11.951,8.30058,13.2282,8.31947,0,290,0,0,0
55.6492,32.8254,8.81555,16.387,22.3584,106.83,16.1805,66.4596,58.8952,13.8764,9.64341,15.4493,9.75491,9.99044,15.4589,5.89375,0,297,0,0,0
55.7492,32.5792,13.1713,15.3363,74.0012,173.879,109.698,64.7429,56.3839,9.36204,11.9807,13.1568,6.3273,9.35562,13.6826,7.60611,0,300,0,0,0
55.8492,31.0147,11.6641,12.2841,19.483,108.391,12.0684,64.8161,55.957,12.0755,12.6583,15.018,8.11351,10.6613,17.3375,7.97377,0,312,0,0,0
55.9492,25.4997,7.57666,21.4356,25.2184,90.937,23.6269,7.74356,17.5315,12.6559,9.10739,17.5493,16.1526,9.89309,15.1386,3.26241,0,314,0,0,0
56.0492,21.962,12.5361,21.4353,27.2831,50.6042,47.8756,80.2456,165.139,88.5193,10.1058,14.3983,12.2309,10.0792,14.5889,3.81796,0,318,0,0,0
56.1492,22.5631,13.5305,17.6428,24.4509,55.1706,39.2146,82.7713,165.6,83.9504,9.22922,20.1674,17.4138,11.7785,16.4553,6.59369,0,321,0,0,0
56.2492,25.6849,14.9471,15.1863,24.9525,50.5565,41.6952,39.3632,86.5057,50.0451,9.30147,19.4258,10.5503,12.0907,13.0849,4.12551,0,322,0,0,0
56.3492,24.6121,18.9305,14.3618,27.2668,35.6752,28.9898,36.7636,81.1399,49.1367,8.68085,22.7821,17.4232,11.2313,11.9089,5.7724,0,330,0,0,0
56.4492,24.4881,16.0879,11.3418,27.4028,34.3232,24.7087,83.401,165.339,86.2904,7.54203,21.0438,20.6242,11.1448,12.7296,6.74952,0,334,0,0,0
56.5492,26.5274,18.9246,12.2406,28.3177,26.9436,21.247,9.69052,19.1598,15.4341,9.25744,18.1123,12.979,10.44,14.9378,9.3369,0,333,0,0,0
56.6492,25.6831,17.3892,10.5131,28.0024,23.7313,16.9349,9.36482,19.4254,13.9975,7.32807,19.5436,11.8113,10.9698,9.82961,3.4414,0,337,0,0,0
56.7492,28.8405,17.5809,12.2374,26.7748,18.6281,18.3759,8.49337,14.967,10.9857,8.01504,20.6424,12.3398,11.31,10.8479,8.71849,0,336,0,0,0
56.8492,26.7062,16.7285,10.8768,22.343,13.484,18.8896,9.20658,17.914,11.3671,7.25323,21.4759,13.2303,12.1486,14.1659,4.34339,0,338,0,0,0
56.9492,26.9266,21.4545,13.9229,20.7464,8.97328,23.1737,8.28031,14.8316,11.3717,7.61734,20.4,13.8307,11.3059,14.1697,8.14495,0,341,0,0,0
57.0492,26.5119,19.5201,9.57669,20.2007,8.47427,20.6707,7.47302,15.5006,9.23852,8.19987,16.8269,8.67566,11.6533,14.1697,8.14495,0,344,0,0,0
57.1492,28.3782,23.5656,13.814,19.8574,9.2724,25.6512,5.83388,13.8787,9.3651,10.3479,15.6876,10.6244,11.7121,10.8224,5.87612,0,348,0,0,0
57.2492,25.6805,24.4847,15.474,17.4445,7.01111,19.0122,5.93558,13.8551,10.9253,7.78652,18.7462,11.8703,10.0687,11.8044,2.17252,0,350,0,0,0
57.3493,24.2131,22.5738,9.69294,14.8462,3.57568,20.4842,4.8273,12.1548,11.8342,6.02703,18.3593,10.5011,9.75619,9.44823,2.71616,0,352,0,0,0
57.4492,26.5982,22.4621,14.3093,11.1829,4.20217,11.6612,4.67154,11.9102,7.96973,5.41024,21.9856,14.1188,11.7919,13.0443,2.16752,0,350,0,0,0
57.5493,25.1096,23.6998,12.4914,9.73227,3.60799,13.5171,3.21476,10.9649,8.15944,5.24357,19.9864,12.0718,9.98965,9.44976,2.71819,0,347,0,0,0
57.6493,24.7801,20.8723,11.4128,10.9028,3.03165,13.1249,3.30473,10.0542,9.40222,6.1677,20.9122,14.5791,9.33199,9.85363,5.87374,0,341,0,0,0
57.7493,23.6624,20.2939,10.2111,11.1631,2.64663,10.0152,4.8023,11.1818,10.5575,8.41395,18.4515,9.98116,9.3037,12.3252,9.11622,0,332,0,0,0
57.8493,22.8072,23.7532,12.9927,9.62518,6.47201,4.89219,4.96675,12.782,10.8117,5.08702,21.113,13.9502,10.4803,13.5836,8.33594,0,323,0,0,0
57.9493,26.9254,20.8698,11.1322,11.284,1.3616,9.76275,3.54651,9.67948,10.6965,8.46973,17.8717,14.0582,10.4482,9.78208,2.81195,0,318,0,0,0
58.0493,22.8954,22.0331,9.85419,12.9592,7.16617,13.5962,6.12296,12.8072,9.33976,6.16829,19.3326,13.0997,11.3299,11.7579,4.67588,0,318,0,0,0
58.1493,27.5117,17.8641,11.6681,11.7113,12.4297,14.5683,7.70622,11.8985,13.6213,8.79975,17.1412,8.78006,10.9364,8.6363,2.71169,0,310,0,0,0
58.2493,25.5657,19.5776,9.84247,13.6845,27.1407,23.1191,8.5608,13.7396,12.0065,10.4766,15.909,11.7431,12.6009,9.72107,3.48363,0,308,0,0,0
58.3493,29.2388,18.9142,10.7661,19.51,35.452,18.9054,10.0359,14.4749,10.6836,7.45788,20.199,9.00667,12.6071,11.7705,5.22471,0,0,0,0,0
58.4493,26.4506,19.748,13.1829,20.4075,40.8445,24.8139,10.1592,15.4213,11.9409,5.19596,22.0867,11.7465,10.1582,14.1518,6.57638,0,302,0,0,0
58.5493,23.6888,20.375,12.9533,20.1302,43.939,28.932,9.50065,14.0661,12.6098,7.01325,19.796,12.7356,9.17156,10.7515,0.430731,0,0,0,0,0
58.6493,23.4051,14.4564,14.991,22.3576,50.7739,45.7413,10.0817,14.8014,11.8683,3.89606,23.5005,11.486,12.0928,10.3166,0.643352,0,301,0,0,0
58.7493,25.6767,14.5568,13.8496,19.6306,54.8242,48.4419,7.71186,10.5775,10.9162,8.59499,21.8382,17.9199,14.3578,13.1027,3.02202,0,0,0,0,0
58.8493,25.024,15.5299,13.9019,20.3712,53.4292,51.4802,9.82626,15.8815,10.7876,8.16407,24.1299,17.6621,12.6557,11.121,4.05794,0,301,0,0,0
58.9493,24.7001,12.2512,18.6307,21.0754,56.3777,40.1253,86.4735,165.806,80.8391,9.64511,20.5981,17.6018,10.6898,14.0753,5.52471,0,303,0,0,0
59.0494,23.1782,11.927,15.5669,22.098,57.9168,50.9486,86.8408,165.778,83.6465,8.63549,23.9102,16.66,12.0214,14.9365,1.20491,0,306,0,0,0
59.1493,23.3641,15.0801,13.8272,20.7888,58.3597,44.7815,86.5176,165.447,81.9816,9.90389,21.3892,15.037,14.5467,9.38404,3.80453,0,314,0,0,0
59.2493,24.77,15.9314,18.8604,21.0979,52.0761,44.7448,86.8478,165.453,81.3173,10.0842,25.5776,18.329,13.4031,13.9168,5.04911,0,321,0,0,0
59.3493,25.7661,16.6169,13.6631,22.0931,54.1798,48.1171,10.6976,17.1936,15.6767,9.0698,22.0246,12.2211,12.5678,8.56309,3.91393,0,328,0,0,0
59.4494,25.6853,18.3996,14.216,22.2771,47.8099,36.8684,11.4635,18.1751,14.0319,8.68058,20.2149,11.6792,9.91624,12.7699,4.95977,0,333,0,0,0
59.5493,27.9578,16.5278,19.714,18.9746,34.955,29.2148,8.17023,16.2756,10.7084,7.25701,21.1868,10.7966,10.662,14.6376,4.48591,0,334,0,0,0
59.6494,29.3302,16.5969,13.6887,21.5685,30.5332,26.7366,11.2077,16.8719,13.6696,7.70614,22.0017,16.3415,10.7772,13.7199,5.31295,0,335,0,0,0
59.7493,27.9643,17.974,14.3832,19.7396,17.177,18.1472,9.75394,11.6248,10.7094,9.49963,19.2315,13.4014,9.95504,11.3317,3.69577,0,336,0,0,0
59.8494,27.2597,17.6633,17.778,18.5544,12.5012,16.9299,10.0155,13.9777,10.123,5.97126,20.1445,12.5739,11.4633,12.1839,6.63169,0,332,0,0,0
59.9494,26.2988,19.0304,15.8279,16.9429,9.17635,17.2193,8.55674,15.5356,12.9426,6.22605,23.3969,17.1442,10.202,12.0834,1.64148,0,333,0,0,0
60.0494,24.1483,20.2156,11.7556,16.5945,11.0928,23.1039,6.52607,12.9452,12.4204,7.7098,21.1499,12.2669,10.3432,13.406,4.06283,0,333,0,0,0
60.1494,25.3362,18.1686,17.3405,17.1595,7.17387,14.7447,7.31293,10.9846,10.4442,7.76477,20.8571,10.8298,10.4429,8.8465,1.63477,0,326,0,0,0
60.2494,26.2898,22.0391,14.0241,17.3375,11.9566,19.597,7.20048,13.2956,11.6112,8.29196,19.8171,13.4226,10.2153,12.1259,5.56758,0,319,0,0,0
60.3495,25.3607,22.7198,13.4372,18.6172,12.4796,12.0188,10.4532,13.2067,10.2495,8.35291,20.8547,14.7155,12.2583,10.9126,2.47495,0,315,0,0,0
60.4494,27.1613,18.9606,12.1865,19.4956,20.6353,18.8278,9.03901,14.0932,9.29088,7.133,21.9719,13.1864,12.6071,9.55714,2.58403,0,312,0,0,0
60.5494,27.3364,19.7727,18.8462,20.4323,25.5453,18.0558,10.6216,16.563,10.6136,7.21746,23.6769,14.031,12.2206,15.8249,8.01174,0,312,0,0,0
60.6494,27.2834,19.9219,15.146,21.4742,32.9132,29.0772,10.1704,16.7156,11.385,6.97962,22.0361,7.4932,11.7344,8.35187,4.96529,0,313,0,0,0
60.7494,26.9391,19.6952,16.5841,21.4744,36.7107,30.5726,9.79424,13.8459,11.9528,5.22832,23.4754,11.434,10.5381,12.1401,3.03234,0,315,0,0,0
60.8494,27.7961,16.4055,15.3393,23.3472,41.9988,29.4581,10.6614,16.9887,9.75111,7.39958,24.0442,10.9827,14.6107,13.0541,8.97398,0,318,0,0,0
60.9494,27.5992,15.0181,13.7339,24.4947,42.1378,34.3319,10.1474,16.1813,11.9008,9.4781,25.0933,16.6699,14.1752,10.5686,6.7242,0,317,0,0,0
61.0494,27.6512,18.0695,15.5487,24.1097,35.7134,24.1987,10.4225,16.3211,12.1182,4.58857,23.9621,13.1494,13.5179,10.5549,5.00321,0,321,0,0,0
61.1494,27.7571,22.8561,16.7584,22.9704,31.8622,25.575,11.8295,19.8572,9.68428,7.95852,22.6331,14.016,13.8804,8.6783,3.60988,0,325,0,0,0
61.2495,27.5879,18.5146,14.5497,22.5526,24.7326,17.0043,11.327,18.6298,10.7003,8.09224,22.6669,16.5822,12.4952,12.0113,3.63341,0,330,0,0,0
61.3494,27.8239,17.2044,17.4248,23.6219,21.4611,16.1753,11.5002,13.2196,10.652,9.06725,20.4526,13.8734,13.5298,11.889,3.62867,0,330,0,0,0
61.4494,27.181,19.2445,15.3939,22.9595,17.5804,20.5551,9.78396,14.663,9.17937,8.05733,19.5464,11.7883,12.2392,12.0204,2.73288,0,328,0,0,0
61.5494,27.9957,18.6801,12.6476,21.1397,13.3058,19.073,8.79134,15.5941,9.38686,8.15809,19.5464,13.3633,11.369,10.679,6.94889,0,322,0,0,0
61.6494,24.1389,21.3696,16.2314,20.5427,14.8267,21.8219,10.0316,13.4974,12.4328,8.19601,19.4844,11.2549,11.8546,9.57658,4.40677,0,318,0,0,0
61.7494,23.1563,22.6577,16.2314,19.5241,13.3614,21.9762,10.3414,15.6818,10.2424,6.27568,23.5463,17.4282,12.155,16.2279,6.48808,0,309,0,0,0
61.8494,24.7727,22.8312,18.7194,20.6711,15.1586,21.4202,10.1631,15.0266,8.5796,8.3731,20.8442,14.7365,10.4421,9.57374,1.97272,0,308,0,0,0
61.9494,29.2255,17.1702,14.2967,26.1925,27.1427,26.8387,10.4406,14.7053,9.17205,6.21017,26.4967,12.6163,13.3487,11.9504,3.83672,0,305,0,0,0
62.0494,25.0853,19.667,14.2867,24.8985,39.4126,35.4989,83.8626,165.598,84.9286,7.90215,22.008,14.1398,10.717,9.57937,2.14942,0,301,0,0,0
62.1494,27.1812,16.5786,13.888,23.3943,47.3213,46.5579,84.5414,165.339,84.2952,9.84294,20.4308,12.8153,12.597,13.7138,7.50532,0,302,0,0,0
62.2494,26.354,19.5807,17.9421,23.2421,53.7183,56.6813,84.7028,165.292,84.7962,9.16359,21.5113,13.9013,159.771,79.1956,6.12646,0,302,0,0,0
62.3494,25.4041,18.609,19.7578,23.5338,54.503,56.8552,37.3413,83.541,48.7731,10.0093,21.8697,14.3334,13.7489,9.47389,3.806,0,302,0,0,0
62.4494,26.3071,11.8093,16.6684,24.4755,57.0451,55.0163,35.5264,81.7624,44.3227,9.8126,22.4083,17.615,11.6587,13.29,6.30374,0,302,0,0,0
62.5495,25.1256,15.1012,15.0869,23.6716,55.1591,50.0745,86.2925,165.26,78.8785,10.2523,23.2675,20.6446,13.6721,12.3096,3.56191,0,299,0,0,0
62.6494,22.1259,14.9802,17.8573,26.7406,54.0159,48.0641,85.491,165.679,80.4701,9.42389,21.606,15.6162,11.2258,18.0929,5.12957,0,301,0,0,0
62.7495,24.7697,18.0258,24.2196,23.3853,55.9854,43.903,86.2028,165.638,77.6233,9.13565,20.9778,21.0162,9.84126,14.1168,102.009,0,301,0,0,0
62.8495,25.6393,17.2893,21.8688,22.5529,55.7842,41.0851,86.2492,165.651,80.4365,9.03672,18.0759,9.83485,11.7133,13.4282,4.60453,0,298,0,0,0
62.9495,24.9373,11.9449,18.9837,25.2373,54.9435,41.4181,85.5447,165.796,80.3214,8.96808,17.6731,13.133,11.2094,14.1041,7.19792,0,293,0,0,0
63.0495,23.2732,18.0358,22.6505,24.4855,56.2301,45.0613,85.7721,165.853,82.6898,9.25568,19.4435,18.4399,11.5007,14.8023,102.254,0,288,0,0,0
63.1494,21.6095,12.1274,20.1729,25.332,59.0179,38.399,87.1043,165.951,82.8234,10.445,17.6261,9.8313,12.4971,10.4392,3.30263,0,292,0,0,0
63.2495,20.5365,10.9301,24.7515,23.7512,59.7727,41.2197,86.6136,165.977,79.0555,10.5608,19.6047,14.3308,9.39278,14.0747,3.7862,0,292,0,0,0
63.3495,23.9677,14.9667,18.1897,21.8144,63.9004,46.967,84.7957,165.499,81.0126,8.72367,20.5357,14.5224,10.3563,10.3063,3.44064,0,300,0,0,0
63.4495,23.2758,11.1559,17.8909,23.1888,60.9824,48.3927,85.9007,165.595,80.2592,12.2207,17.8808,14.2447,11.5459,15.0615,2.31278,0,312,0,0,0
63.5494,22.6803,10.5969,16.4092,20.8118,71.0015,41.7212,86.209,165.789,83.2375,10.0341,17.9627,8.97891,11.414,13.692,10.6397,0,314,0,0,0
63.6495,22.5635,14.6162,18.2762,21.7201,67.7449,38.1775,85.9829,165.747,80.6093,12.0739,19.5765,13.743,11.2235,14.1782,11.4242,0,317,0,0,0
63.75,26.6157,16.1828,18.7958,26.153,55.0828,47.3178,84.8193,165.405,80.4027,10.5673,18.153,13.3324,12.7193,13.263,5.25926,0,315,0,0,0
63.8495,28.9539,16.932,12.0509,26.9844,37.9298,32.4926,9.46909,14.2787,13.7392,9.35313,22.493,20.044,14.0965,14.5993,12.9738,0,319,0,0,0
63.9496,25.9709,19.1584,11.9608,26.5699,32.7085,25.0962,9.84611,16.3818,12.1109,8.95755,22.133,18.0459,12.009,14.7967,12.4728,0,312,0,0,0
64.0495,26.7953,18.6633,13.3463,26.3792,37.1495,25.7415,10.3292,12.9088,12.61,6.28996,23.4076,16.1376,12.2945,13.1421,1.41151,0,304,0,0,0
64.1495,27.0495,20.1471,12.1501,26.5428,32.063,28.4645,9.66082,16.2886,11.2645,4.31529,25.2151,14.5234,11.9376,11.7148,4.11751,0,301,0,0,0
64.2495,29.1288,15.9894,10.8537,27.0611,36.0632,30.8805,9.23323,14.3111,11.1319,7.64682,23.5662,13.5991,13.1862,8.3908,5.19612,0,295,0,0,0
64.3495,27.6849,15.5864,11.2379,27.2675,48.5303,48.8495,38.3358,82.8168,45.7466,11.655,20.9835,17.1103,14.4926,11.7268,5.50057,0,295,0,0,0
64.4495,23.4868,14.4523,17.9684,26.6972,62.3733,39.4134,85.454,165.623,83.0222,11.8696,18.7495,11.4593,11.5648,14.2439,7.75092,0,294,0,0,0
64.5495,22.0326,14.2801,21.4331,27.0255,59.6697,39.1695,85.122,165.695,80.3123,8.51028,19.5331,16.2237,9.44682,14.7354,5.57535,0,309,0,0,0
64.6495,23.5384,13.3089,21.4571,28.0448,53.9255,53.0118,84.4798,165.758,84.4336,11.2712,18.2365,12.6206,9.61601,16.3046,4.56341,0,310,0,0,0
64.7495,22.0574,12.3991,18.9185,26.995,57.9526,47.1609,84.9553,165.394,84.2595,11.3738,19.9281,14.6192,10.9365,14.2483,9.49805,0,317,0,0,0
64.8496,20.974,11.2662,23.9341,30.404,56.9947,42.2076,85.5499,165.726,80.2752,9.14082,19.9516,13.4391,12.8295,18.4514,96.835,0,318,0,0,0
64.9495,29.2123,17.6808,16.3401,27.6314,54.3513,45.705,36.2344,83.7644,47.019,9.92177,19.7245,10.1024,14.9717,10.3364,4.66756,0,318,0,0,0
65.0495,24.4531,19.0827,18.4923,26.5862,42.8366,46.3296,83.432,165.48,82.8247,9.81894,20.9361,17.1912,11.7146,12.2968,7.01947,0,322,0,0,0
65.1495,24.0009,20.4748,15.8828,26.4583,37.5524,32.6988,10.0273,18.514,14.2878,10.7761,20.937,18.1473,11.5412,12.8008,8.9834,0,321,0,0,0
65.2496,26.3204,18.3145,14.8143,27.4926,36.5421,36.5939,9.50339,15.2119,11.3215,10.15,19.739,14.6664,11.4522,11.7604,6.64301,0,323,0,0,0
65.3495,25.6176,21.0568,14.9024,26.3947,28.5632,22.3963,10.2036,13.4235,11.8328,6.35523,22.5112,15.1829,11.7436,13.5385,3.92516,0,317,0,0,0
65.4496,25.0825,21.8267,16.7779,28.347,23.4423,20.8241,11.8646,15.9909,13.751,8.79937,16.8994,12.4382,11.4676,11.7289,4.12801,0,303,0,0,0
65.5496,25,20.4949,13.8634,27.1226,25.9541,21.735,9.65164,15.7582,13.9196,7.57165,20.1211,15.1609,9.59091,13.9814,7.49012,0,299,0,0,0
65.6496,27.6043,20.733,11.3609,26.334,26.4221,21.1821,8.65935,12.1489,13.2364,7.93685,21.0471,14.826,10.4205,13.6775,9.49733,0,299,0,0,0
65.7496,25.1967,17.3371,16.7733,23.7858,53.3575,43.344,38.5494,84.5106,50.5957,9.84291,21.856,14.1126,13.1315,10.1239,2.22402,0,299,0,0,0
65.8495,24.6466,13.0444,19.8619,27.2694,61.2187,37.183,84.4922,165.341,84.0393,10.2674,23.02,15.0349,13.5273,13.9519,5.06488,0,304,0,0,0
65.9496,22.8581,14.2296,20.1457,26.5612,62.6617,36.6789,84.8404,165.304,84.0765,10.2208,23.1462,15.7678,11.7951,17.0274,98.1475,0,309,0,0,0
66.0496,21.2806,11.3232,21.0442,25.2264,62.5873,42.1017,84.7539,165.766,82.9563,10.7809,20.8902,16.8239,9.63029,15.3288,6.21256,0,311,0,0,0
66.1496,22.1526,11.0053,22.4557,27.41,59.4252,33.7537,84.072,165.727,80.7006,10.224,18.6763,12.4208,12.5458,13.0397,44.6269,0,321,0,0,0
66.2495,22.8119,14.4573,19.2458,24.1631,49.0395,38.0294,38.7535,85.484,49.1574,10.0135,20.447,18.0721,12.2585,8.63308,2.22689,0,321,0,0,0
66.3496,27.4432,16.9756,18.9958,22.845,55.2294,51.1644,39.6905,88.1033,52.5991,11.8139,20.5698,12.8341,12.9932,10.6565,2.42671,0,323,0,0,0
66.4496,26.5512,20.222,16.5334,26.965,37.3107,40.9119,82.8664,165.515,84.3291,10.503,20.5483,18.1693,12.2079,12.6819,6.87831,0,320,0,0,0
66.5496,27.7149,16.2475,16.5528,28.0587,28.2442,31.3569,9.33252,12.5091,12.3298,8.17975,21.6659,13.4282,11.6232,11.6928,6.62374,0,312,0,0,0
66.6495,24.7174,19.6839,11.4401,29.6703,18.9438,18.981,10.0293,16.0077,12.0793,6.13017,22.4619,17.422,10.8138,9.51179,4.13098,0,316,0,0,0
66.7496,27.3869,19.5324,12.3949,28.3647,22.1985,20.7306,9.91481,13.6074,10.1726,6.05203,22.0733,11.316,12.1572,11.8792,6.25379,0,309,0,0,0
66.8496,24.7948,21.2445,14.5175,26.9618,34.2133,33.4575,6.47134,16.502,13.8512,9.40843,20.6445,13.5399,12.9722,15.9788,10.185,0,307,0,0,0
66.9496,25.6822,18.8366,15.0064,25.4313,39.8637,47.0445,83.4337,165.294,85.3668,10.337,25.8667,25.3483,13.7574,11.5932,5.06367,0,0,0,0,0
67.0496,25.5566,16.836,14.5611,26.9378,46.3378,52.2165,39.4111,87.8216,54.1577,11.6247,23.9561,16.0236,12.349,13.9058,5.65261,0,302,0,0,0
67.1496,26.9884,17.1606,16.7531,26.9281,48.8233,42.8901,39.1925,88.4599,55.2597,11.9639,24.855,18.1595,14.0637,10.7252,5.97415,0,0,0,0,0
67.2496,25.4749,16.7435,17.6582,29.3188,47.0006,44.4852,38.6643,86.1214,50.7488,12.278,22.3492,13.4902,17.0546,9.01687,2.4688,0,309,0,0,0
67.3496,25.5471,18.0034,17.6277,27.5837,55.188,40.6767,39.6676,87.0329,52.718,11.1157,20.7968,19.452,14.956,13.6804,9.36351,0,0,0,0,0
67.4496,26.4514,19.3921,17.5662,27.9151,54.6977,37.8749,38.3002,84.447,49.2883,11.6728,21.6113,16.3313,17.1053,16.2539,5.09146,0,318,0,0,0
67.5496,27.9671,16.5542,13.1291,31.4768,50.1008,40.6229,37.786,84.2336,46.3935,9.94195,23.8627,17.6964,16.0813,13.7263,11.5536,0,318,0,0,0
67.6496,27.6964,18.9286,10.6269,32.8062,35.5623,41.0049,84.0425,165.611,82.4157,7.5196,23.3204,11.5914,13.5189,12.4961,7.95045,0,318,0,0,0
67.7496,28.3459,18.9888,11.1375,32.1524,28.8348,30.0716,13.2418,20.9495,17.0647,7.83302,22.2638,13.4743,14.2853,10.5112,6.62261,0,317,0,0,0
67.8496,29.4175,16.6842,16.2235,33.1982,26.7699,28.0436,11.3647,18.8403,14.8015,10.264,20.2192,13.7147,15.6271,8.67571,5.05136,0,316,0,0,0
67.9496,27.9478,18.4805,19.4057,32.7891,25.8067,30.3641,12.2811,16.1552,13.4278,10.1992,17.9253,8.47123,15.0044,8.67541,5.89413,0,315,0,0,0
68.0496,25.8974,18.5187,13.5999,30.2442,27.2127,25.5401,10.2978,17.2959,19.0149,7.6734,23.1681,17.3753,11.9369,11.6928,2.86838,0,309,0,0,0
68.1496,25.7411,18.0527,12.2161,33.2343,25.8667,27.1241,11.3846,13.2518,13.1504,7.33604,21.6222,13.0945,14.9809,12.2168,5.80516,0,304,0,0,0
68.2496,29.2347,15.4197,9.77644,29.4971,31.2785,32.4353,9.83914,20.055,18.4121,9.46836,21.1794,14.0691,14.5423,10.1349,3.59618,0,296,0,0,0
68.3496,24.5799,18.8751,14.3883,28.5392,32.2244,31.0153,83.5322,165.569,82.4285,9.9736,22.5402,17.5952,10.4299,8.44693,5.2316,0,294,0,0,0
68.4496,25.2298,15.3442,13.0585,27.6892,51.3099,46.2629,38.9841,86.9095,47.8307,11.0716,23.8649,15.4593,13.5462,12.2234,3.14865,0,297,0,0,0
68.5496,24.755,14.8488,13.3912,27.4026,56.4289,50.8506,37.2417,85.1436,47.5579,12.219,22.0065,19.0213,14.9986,13.0441,4.21065,0,299,0,0,0
68.6496,19.3856,12.1495,19.8891,28.4631,62.8915,36.4624,84.3667,165.533,87.946,11.69,21.6171,15.6956,11.3716,13.2145,100.71,0,306,0,0,0
68.7496,21.3132,15.4833,16.8192,25.9693,69.1771,36.8933,84.3062,165.418,85.079,11.393,20.4828,13.1485,13.7297,9.29156,2.218,0,311,0,0,0
68.8496,20.2311,9.55647,22.9536,28.2498,64.3155,37.5146,84.8266,165.636,81.6332,11.6631,19.6334,12.6116,12.723,13.5729,5.26502,0,318,0,0,0
68.9496,24.5777,16.7156,13.5217,26.6596,57.7513,48.7082,39.6484,86.0618,50.5837,11.8851,22.1235,18.9234,16.0794,10.6849,3.9645,0,320,0,0,0
69.0497,24.7197,15.6661,13.9027,26.7414,53.9904,40.2156,40.0946,87.6702,51.203,10.0033,23.8454,18.329,14.5828,10.7416,1.61429,0,321,0,0,0
69.1496,25.4043,17.4024,13.6594,28.4262,41.1871,52.1992,37.4936,81.3514,44.6961,9.54432,22.5327,17.4783,12.2713,10.4856,3.58926,0,323,0,0,0
69.2496,26.0571,17.4273,17.1595,28.6608,31.4047,30.0505,83.5817,165.651,84.7289,7.74736,22.5545,14.4965,9.83701,16.3298,8.05908,0,314,0,0,0
69.3496,26.9724,16.7536,11.8649,28.9579,30.7242,33.3101,10.9047,17.092,12.8097,6.5901,22.9684,18.4331,11.6453,11.814,1.40947,0,300,0,0,0
69.4496,24.4817,21.036,14.0718,30.2978,25.9258,23.1972,11.9002,13.6765,11.5075,8.43099,20.8915,15.1825,11.2414,13.1421,3.91514,0,295,0,0,0
69.5497,27.031,18.0902,13.0769,28.1182,24.3867,23.6411,11.1879,17.4213,13.3447,7.27108,22.3166,13.4579,11.9564,11.6396,4.80962,0,288,0,0,0
69.6497,27.059,19.7735,14.1194,26.8289,35.7086,42.5364,83.661,165.301,82.4984,10.5816,21.6099,12.3153,14.0067,12.3849,5.09949,1,0,0,0,0
69.7497,20.8685,12.6045,19.5491,26.9019,54.7235,45.6321,83.5557,165.448,86.2608,11.5707,17.6357,9.19518,12.7175,12.7466,3.5508,0,288,0,0,0
69.8497,25.8327,12.9688,16.0469,27.2974,58.1025,40.8461,84.6292,165.922,84.4645,9.93762,19.9621,14.617,9.86472,15.8382,4.53837,0,296,0,0,0
69.9497,27.066,9.06089,18.3265,27.2329,63.8308,37.7697,7.6996,9.00859,8.61422,8.59719,23.005,17.5615,9.47458,12.5241,2.123,0,311,0,0,0
70.0497,30.5689,15.1823,18.3763,27.7203,83.6931,18.7879,7.13838,13.4681,13.3512,13.6589,22.0536,23.0278,9.1011,16.5433,5.73766,0,312,0,0,0
70.1497,23.3544,11.2728,17.2603,28.1661,61.6628,38.1688,8.6448,10.9815,10.3144,11.6413,20.1149,11.6916,11.2317,10.352,4.11096,0,316,0,0,0
70.2497,20.4427,13.097,21.5725,28.0593,59.1553,38.0859,83.1806,165.399,83.8605,10.1562,20.1961,14.9677,14.8948,11.0911,3.28793,0,321,0,0,0
70.3497,27.5048,16.469,17.1845,29.3262,44.1613,49.2641,40.1058,86.4484,50.2007,10.3508,25.0339,19.1123,14.549,10.8271,3.27781,0,327,0,0,0
70.4497,29.5921,16.3324,10.8091,27.0132,38.3974,42.8134,38.83,82.1196,47.1067,12.3666,22.7472,16.5026,13.0553,8.12731,2.6649,0,327,0,0,0
70.5497,25.5183,21.0811,13.3979,27.9908,26.3547,22.0567,10.4566,16.0905,13.2819,8.07744,19.6919,16.6828,9.85427,13.3481,4.05526,0,325,0,0,0
70.6497,25.3815,19.0357,15.5754,28.9671,23.7403,27.0564,11.8332,16.0454,11.1728,5.9715,21.8011,15.1268,9.54863,11.3853,5.27778,0,317,0,0,0
70.7497,24.3504,21.1498,15.723,28.6596,17.6753,20.9244,11.9734,16.8848,11.1414,7.09662,21.4501,18.8859,8.48517,13.7963,3.93157,0,312,0,0,0
70.8497,25.3849,18.1609,13.9684,27.5371,17.4366,19.5551,11.7749,18.8019,10.55,6.87675,21.619,15.0413,9.56138,15.8733,4.61029,0,301,0,0,0
70.9497,28.1351,20.6292,11.4773,28.7659,24.4415,20.1303,10.4153,14.3024,9.11143,5.87262,19.7605,11.4558,10.9595,11.5747,3.69914,0,301,0,0,0
71.0497,25.0998,19.8112,14.01,27.2822,32.1989,30.9816,83.3594,165.502,83.9015,8.10195,22.5748,18.3334,10.8045,9.49725,5.6098,0,294,0,0,0
71.1497,25.4081,15.6484,13.6965,25.8973,51.5299,45.3348,38.8852,85.8953,54.045,11.7142,22.0201,17.4422,14.9912,12.1428,5.81653,0,298,0,0,0
71.2497,23.5543,13.0131,21.6572,28.5662,53.3241,40.0335,38.754,85.5238,49.1481,10.6569,18.5749,14.2227,12.2518,9.42051,6.09095,0,303,0,0,0
71.3497,21.5477,10.9288,19.4193,25.7928,63.5448,36.3741,83.6942,165.651,86.6185,12.0131,21.4514,20.1796,13.4249,15.6827,7.31523,0,314,0,0,0
71.4497,20.4456,12.246,19.3861,25.3133,70.385,38.5426,83.9706,165.412,87.4229,11.4724,20.8714,13.127,13.1679,11.7913,3.29928,0,322,0,0,0
71.5497,19.5353,10.144,20.4067,25.987,61.3301,38.3053,83.4949,165.491,86.8942,11.2556,22.1732,16.0083,11.9351,12.0099,6.82034,0,324,0,0,0
71.6497,19.0005,9.46568,28.5136,27.9818,52.2073,41.3196,83.5624,165.723,83.9316,10.6926,21.1498,14.6984,10.9947,13.0955,4.66797,0,327,0,0,0
71.7497,25.0073,18.1968,17.2607,25.4327,43.0149,45.7802,7.7175,17.9401,16.2476,9.87374,21.5634,16.1071,14.3547,8.97254,6.27708,0,323,0,0,0
71.8497,29.3218,18.6829,13.9797,27.2203,30.7882,22.51,11.785,15.6373,9.71042,6.42896,22.9149,16.362,12.7305,13.7291,3.73668,0,322,0,0,0
71.9497,27.3292,21.434,18.4316,26.2505,26.1838,24.7902,13.2913,17.3014,11.7281,6.35638,22.3454,15.3865,9.87128,9.54862,6.67263,0,321,0,0,0
72.0497,25.1436,20.6692,15.1031,26.5958,25.0881,25.8375,11.8874,14.9696,12.5748,6.10996,21.525,12.2036,10.1717,10.6232,3.01737,0,322,0,0,0
72.1497,26.2841,22.3922,14.7622,27.1004,24.285,22.3543,10.8474,17.6417,10.1747,7.08501,19.471,14.5544,8.78216,11.5507,3.69914,0,310,0,0,0
72.2498,27.457,17.5419,11.1378,26.5069,23.6648,21.9753,11.5877,14.9834,11.86,6.23177,19.6707,15.9015,10.0255,11.9043,3.28303,0,304,0,0,0
72.3498,23.672,20.1218,14.8319,27.0297,25.72,24.0799,11.8663,15.95,12.098,6.53663,19.5975,10.465,7.825,12.247,3.92965,0,299,0,0,0
72.4497,26.036,20.1345,14.0538,28.5288,29.8676,23.1862,82.2199,165.565,84.3822,8.82381,21.6013,14.0387,10.6332,10.8791,4.06862,0,294,0,0,0
72.5497,21.1643,15.8579,16.5791,24.1388,52.0674,34.3991,39.9696,87.9176,49.3638,9.54695,22.9995,11.8954,12.6655,14.8276,8.5784,0,293,0,0,0
72.6498,19.7238,11.2792,22.4758,29.3521,54.3044,41.483,38.3585,84.7303,48.0263,11.3083,20.3134,12.1822,13.0943,14.8597,6.4071,0,296,0,0,0
72.7497,20.3792,10.129,19.1755,29.4595,63.4735,31.4484,82.8839,165.461,84.4566,9.59663,22.7891,19.1199,13.5995,12.4471,9.54625,0,306,0,0,0
72.8498,23.2002,9.36326,18.4321,28.6769,68.5451,35.5559,83.1904,165.31,85.7496,8.25688,22.2943,14.4393,13.7546,10.2269,4.96168,0,319,0,0,0
72.9498,20.9638,11.4735,19.8787,30.3901,65.3541,33.8874,83.252,165.57,87.2938,9.89597,21.8151,16.4759,12.3356,11.9128,3.93895,0,321,0,0,0
73.0498,20.1869,10.1311,19.1784,29.1405,62.2555,35.4202,83.5685,165.641,83.6915,8.96766,24.2061,15.4082,14.1446,12.7491,3.9356,0,322,0,0,0
73.1498,27.0909,14.3878,14.3588,29.6083,54.0925,46.2953,40.46,85.3744,49.7747,11.8186,18.7423,12.3346,14.8288,12.9731,7.15946,0,331,0,0,0
73.2498,26.6141,21.0191,16.1178,31.2017,34.806,33.8072,9.87886,11.4628,13.1669,9.0715,22.1313,17.5828,12.8578,9.92976,3.0948,0,331,0,0,0
73.3498,27.1387,18.158,7.40561,32.2646,27.1237,33.8141,12.8807,16.8842,14.2841,9.06518,19.1496,9.98118,15.2253,12.3842,3.40235,0,337,0,0,0
73.4498,26.7181,18.6243,10.1003,29.5312,25.0579,22.9261,13.2552,14.5055,13.0676,7.20321,22.1029,14.2264,12.8253,14.2022,6.13752,0,340,0,0,0
73.5498,25.9111,20.2665,11.8003,28.8886,19.4479,25.5228,11.7252,12.6602,10.2809,7.45883,21.1239,12.8618,12.8525,12.2391,2.45097,0,342,0,0,0
73.6498,23.314,22.7041,10.875,26.9846,11.297,21.4297,8.64193,13.94,9.99833,9.53718,18.824,16.1282,12.1673,11.8454,2.74791,0,343,0,0,0
73.7498,24.307,21.6906,12.8075,22.9964,4.12727,20.0108,8.83027,14.1768,8.61446,8.58202,17.6141,13.2642,9.45334,10.6355,1.63347,0,345,0,0,0
73.8498,24.1231,22.9217,16.263,18.1513,3.81361,13.4913,5.94673,14.5955,14.8109,7.95596,20.5062,13.2675,10.0691,11.9207,2.69426,0,344,0,0,0
73.9498,21.8277,21.7532,11.6499,17.923,3.23043,15.2393,6.06084,15.0149,15.4693,7.72072,20.5509,13.2649,9.75053,14.3947,7.90408,0,344,0,0,0
74.0498,23.5657,25.0553,15.4972,17.8239,2.76322,12.7624,6.74886,12.6881,11.4384,6.55784,19.391,11.4648,9.15809,14.4544,7.97703,0,335,0,0,0
74.1498,23.5954,21.6106,15.078,17.0089,5.07273,13.4723,5.8119,12.6277,11.2731,8.28426,18.2386,10.1981,9.5566,14.4948,7.90868,0,330,0,0,0
74.2498,20.4465,24.0784,15.8256,16.9324,3.58089,13.8208,5.06737,16.8532,14.649,8.81204,18.2386,12.6119,8.88549,14.588,7.90868,0,320,0,0,0
74.3498,21.6686,23.0496,14.7405,17.2223,5.87192,9.5422,5.53866,16.312,10.9505,8.33941,18.2962,13.0504,10.2976,14.3958,5.63391,0,316,0,0,0
74.4498,25.1613,19.9953,13.3052,16.7678,3.69532,10.5458,5.49901,15.0345,10.813,8.54397,21.1085,10.2336,11.7255,14.333,4.758,0,312,0,0,0
74.5498,23.5071,18.6406,9.66722,19.0846,7.59239,22.7126,7.68914,12.2071,11.0192,7.80153,22.0926,17.1755,11.315,10.7381,4.92966,0,315,0,0,0
74.6498,23.7453,17.1568,12.7043,25.3231,16.6755,19.6969,11.3176,12.6068,12.5299,9.6466,17.7849,10.8861,10.7989,10.541,5.54834,0,315,0,0,0
74.7498,24.9315,17.36,18.0736,28.8921,28.1287,26.2998,10.1452,11.4354,8.89208,9.05523,19.4748,7.04106,11.2364,12.339,3.81293,0,318,0,0,0
74.8498,26.4641,18.4145,14.7149,27.681,31.4703,27.879,10.7241,14.6882,10.7968,9.32956,17.4707,9.47733,12.0984,8.66051,4.33771,0,321,0,0,0
74.9498,26.0253,17.4429,14.6069,25.7735,34.5178,32.4269,9.66472,13.7441,11.1597,8.35399,21.3602,10.0355,12.947,12.8026,9.621,0,328,0,0,0
75.0498,25.4964,19.6982,15.4,28.1378,32.6906,28.2071,11.3189,18.039,13.4046,5.51076,20.6248,9.53823,11.5385,10.6155,4.14507,0,329,0,0,0
75.1498,23.9718,18.422,16.1157,28.9113,28.6618,30.0696,13.1708,15.6964,10.9475,7.27203,19.9256,8.75353,10.684,14.74,8.98225,0,335,0,0,0
75.2499,25.0891,16.6522,11.5112,27.991,24.9273,24.0781,10.9176,13.3855,8.15306,7.14188,22.1402,13.6296,10.7295,10.541,2.21425,0,334,0,0,0
75.3498,21.4196,19.6495,13.3545,25.1538,16.9204,21.5697,10.0193,15.0455,13.9326,9.20315,19.1482,12.3199,10.8463,13.9593,7.13119,0,334,0,0,0
75.4498,23.6847,21.3159,13.1816,23.0571,12.7197,18.9365,9.38788,13.8394,11.0965,8.2818,19.9671,10.4011,11.2937,14.008,3.77125,0,331,0,0,0
75.5499,25.1186,18.2794,12.8662,21.5849,5.97307,22.8059,7.48742,14.4927,8.94514,9.02933,19.6132,16.144,10.515,11.9869,1.6325,0,333,0,0,0
75.6498,23.6426,22.2608,15.8099,20.8117,7.04321,22.9649,6.7971,11.6742,8.04774,9.1557,21.7026,17.5687,10.8768,10.7416,3.17525,0,0,0,0,0
75.7499,22.7585,21.6604,14.2641,19.8947,3.38105,16.7446,7.64701,13.9151,12.0141,8.55809,21.9583,14.5417,11.8633,9.17728,1.07389,0,317,0,0,0
75.8499,23.6426,22.2608,13.4171,20.5653,3.56928,14.5833,6.54258,12.7426,8.61523,8.4236,20.1835,13.896,11.7267,10.711,1.63425,0,0,0,0,0
75.9499,23.279,22.1458,16.0137,18.5167,4.13954,13.1551,6.5907,12.8863,11.2802,9.55626,17.9365,11.8426,10.7794,8.62859,4.26705,0,304,0,0,0
76.0499,24.8434,20.0976,15.6595,20.3829,6.81774,21.6478,7.6917,12.0284,8.45281,9.80657,18.7826,11.3599,11.8133,10.7494,1.63704,0,0,0,0,0
76.1499,28.4992,18.4108,13.3528,27.5666,29.0536,22.7901,11.8145,18.5409,15.1378,7.9179,20.3876,11.1576,12.7668,10.5524,6.07651,0,303,0,0,0
76.2499,28.0978,18.5183,12.1991,28.3641,38.7832,40.0022,8.4417,17.1122,13.5583,10.3318,21.5745,14.5843,12.8708,16.4832,11.756,0,304,0,0,0
76.3499,24.2893,16.9895,13.0978,26.4401,53.3476,47.1503,39.674,87.3686,51.1017,9.755,22.8699,12.0348,12.4403,14.9672,9.45942,0,311,0,0,0
76.45,23.5984,20.2376,16.0028,28.0519,54.333,49.6044,38.3112,86.1363,50.0269,10.6668,22.3009,10.0435,12.6442,14.7869,8.93778,0,316,0,0,0
76.5499,23.575,18.449,17.2058,26.0152,52.8924,46.9978,39.2773,87.7077,51.8583,9.77947,21.0615,11.8669,13.8884,10.9407,5.84856,0,321,0,0,0
76.6503,23.901,19.7081,18.6246,25.7898,50.7698,50.2876,82.671,165.422,88.8367,10.3591,20.0025,12.726,14.0036,7.28503,2.36953,0,325,0,0,0
76.7499,23.9688,19.7301,17.6809,28.8638,29.4066,29.3331,10.1553,13.6103,9.82521,9.80685,18.3704,14.2291,10.6481,16.3014,10.2832,0,329,0,0,0
76.8499,27.8841,20.0359,16.2216,29.3188,25.2897,29.1861,11.8835,14.9281,10.1279,9.45453,20.473,15.5442,10.9398,14.0819,7.42625,0,332,0,0,0
76.9499,24.2472,23.1459,18.2821,25.4061,20.0426,21.2031,10.4255,15.7486,10.5674,8.50191,20.6191,13.1268,10.9967,14.047,4.14854,0,332,0,0,0
77.0499,22.9984,20.6446,16.7702,26.0903,11.6447,19.8898,8.97285,13.2021,8.51155,8.37557,20.6558,15.1496,11.4058,10.7624,3.29285,0,332,0,0,0
77.1499,26.6535,22.6341,14.5689,23.2601,12.3356,20.3594,7.19665,13.382,11.5106,9.39279,21.4839,13.5232,11.8548,9.28013,5.45926,0,332,0,0,0
77.2499,25.7958,21.9966,13.6653,21.5723,11.1199,21.3687,9.2981,14.7725,10.5945,9.31684,20.756,15.1925,10.776,12.1778,4.82722,0,331,0,0,0
77.3499,25.2651,22.2119,11.36,20.9307,6.79946,19.949,9.05473,15.2087,11.6697,8.41081,21.2579,20.1384,10.9275,15.1397,9.42906,0,325,0,0,0
77.4499,24.8819,23.247,14.1037,20.6629,8.23521,15.4399,8.44297,13.7538,13.6245,8.86348,19.1379,16.3073,9.63137,12.1085,7.06814,0,323,0,0,0
77.5499,24.1856,21.5869,12.6099,20.0813,9.65889,19.7417,9.0259,14.3282,13.9081,8.51583,20.6849,18.9611,10.2583,8.63656,2.06924,0,319,0,0,0
77.6499,24.2961,23.0758,13.2561,23.5859,15.1254,26.9059,9.19611,18.6412,15.5336,10.629,20.1953,18.6788,10.7907,14.2709,4.36427,0,317,0,0,0
77.75,24.1591,22.364,12.0136,23.8519,24.8946,22.4991,9.45231,18.1769,12.2404,9.16426,21.9656,17.8884,11.0675,11.7997,2.16733,0,314,0,0,0
77.8499,27.1991,19.5241,11.7674,25.6853,29.9776,20.6762,11.9897,16.2949,11.2979,6.80417,23.0797,9.22634,10.7025,12.2877,2.94259,0,308,0,0,0
77.95,24.8222,22.4609,15.4015,28.6489,28.4225,19.9557,11.4575,13.6425,9.29918,7.85659,22.8644,17.4067,9.99419,12.8506,9.43504,0,308,0,0,0
78.05,24.3423,17.5032,14.3179,28.0315,40.5132,44.8642,11.0285,18.4439,11.7351,9.0314,24.2052,20.6411,8.83107,15.8268,11.0646,0,303,0,0,0
78.15,25.5278,11.4904,18.9705,28.0605,47.6138,48.6988,40.5708,87.2495,53.5288,10.8945,23.5841,19.2609,10.8623,19.8556,13.3569,0,303,0,0,0
78.25,22.6659,14.4288,21.9559,26.2673,52.6962,44.5649,41.2433,87.7883,50.5605,11.0547,24.8936,23.2555,13.1296,14.5345,7.26612,0,308,0,0,0
78.3499,23.7618,13.838,25.0662,24.952,59.1646,45.509,38.4398,84.9556,48.4517,9.57828,20.3877,11.6791,10.9737,17.5248,96.2253,0,313,0,0,0
78.45,20.9121,14.6507,21.3676,24.8487,56.2867,41.8493,38.1907,84.2185,48.9912,9.7065,22.6911,15.6516,12.1506,14.7711,7.27047,0,319,0,0,0
78.55,29.195,15.5917,15.5643,25.1802,55.3435,45.2593,39.7928,87.4383,47.7831,9.47032,22.5571,14.7731,12.6955,15.5296,11.084,0,324,0,0,0
78.65,28.5531,18.8925,9.87089,29.8167,36.2795,35.5576,9.61398,14.3974,12.1156,11.6932,22.255,14.3912,12.2671,12.6818,9.03115,0,330,0,0,0
78.75,31.724,19.4477,15.3587,29.8114,30.5059,28.4114,11.6342,15.9603,8.82284,8.1178,23.105,12.1369,13.5843,11.3368,8.17051,0,334,0,0,0
78.85,29.522,20.3563,12.8032,26.1834,20.3683,19.7463,9.77393,17.2169,10.239,8.78686,22.5963,16.7061,14.8566,11.58,5.59507,0,331,0,0,0
78.95,27.6666,20.0951,13.1431,26.5761,19.6328,25.1182,9.80681,16.5837,10.5121,8.30296,22.0169,16.4939,12.4017,12.9988,9.15795,0,327,0,0,0
79.05,24.5955,22.358,13.7598,27.2536,14.982,17.0933,11.6815,17.4151,11.8031,8.69746,20.5576,15.5243,9.9854,10.7647,8.33769,0,326,0,0,0
79.15,24.6599,22.4636,10.0205,25.3062,11.576,18.3289,10.1478,15.6554,11.0242,7.32046,23.7485,19.6511,12.4598,11.2506,8.43166,0,322,0,0,0
79.25,26.7306,19.777,10.5183,28.1592,19.508,21.6221,11.6664,15.0053,11.3614,8.52314,18.948,13.8012,10.9363,13.8841,5.60578,0,323,0,0,0
79.35,27.6414,19.0592,10.0696,28.5143,15.6478,16.5035,9.8145,16.7198,11.4672,8.52571,19.631,13.5754,10.659,13.0855,9.80298,0,319,0,0,0
79.45,27.7937,21.3577,12.9227,27.1643,29.0009,30.761,10.9935,16.0374,10.3785,8.84251,21.9834,14.866,12.5633,11.8356,8.85698,0,318,0,0,0
79.5501,29.2168,20.0702,12.423,28.7999,26.3888,26.9281,11.9111,16.9994,9.68265,8.84251,23.8975,19.0012,12.8987,13.0115,8.84205,0,315,0,0,0
79.65,27.7997,18.8977,12.0935,29.6423,25.7402,22.9699,11.8753,18.5696,13.4829,6.86519,23.1106,17.0412,13.7947,10.3915,3.32436,0,314,0,0,0
79.75,28.2211,18.1757,14.1472,29.0818,33.4012,28.5132,11.0456,12.7453,12.0692,8.17904,21.6618,12.8226,12.0849,14.783,10.2451,0,317,0,0,0
79.85,28.1658,17.522,13.2761,30.024,37.7547,39.6204,10.8624,15.7952,10.6328,11.411,20.7125,13.946,12.9534,12.2452,7.84946,0,313,0,0,0
79.95,28.1078,15.0593,9.89654,31.6471,35.2814,39.3042,11.407,16.453,14.5693,8.51838,23.2973,20.1392,11.6982,13.3474,7.90592,0,313,0,0,0
80.05,28.9988,18.727,8.60174,30.632,38.8971,40.7276,11.3063,14.4061,12.1966,7.64741,25.1103,16.5403,11.6358,13.4534,13.5639,0,319,0,0,0
80.15,28.2266,18.7348,12.3407,29.3531,36.5118,38.8212,9.69553,15.3283,11.5222,13.8196,21.8253,18.7882,13.6973,9.0782,6.24274,0,318,0,0,0
80.25,31.2476,15.2421,6.72906,29.7249,32.5254,29.5192,10.5584,16.3002,13.6224,10.7244,21.2305,13.9714,14.548,11.2672,14.4606,0,318,0,0,0
80.35,28.8141,20.3848,13.6373,30.503,31.6276,30.677,12.1492,15.7925,11.3768,10.8716,20.9019,17.4618,13.5858,11.1236,9.37456,0,319,0,0,0
80.45,29.1961,17.7919,11.6978,29.765,28.2509,31.8932,10.6624,14.1786,11.0778,7.01306,23.9062,17.0972,13.1887,15.3122,12.8837,0,319,0,0,0
80.55,31.7329,18.0043,13.0516,30.5899,27.881,24.3517,11.1131,14.9366,14.3747,9.10923,24.5696,17.4089,13.3182,12.2577,11.06,0,323,0,0,0
80.65,28.8066,20.2939,10.7034,30.4256,29.0108,31.1621,12.3741,18.7923,15.2096,5.2571,27.2212,21.7337,12.0808,9.28781,8.25174,0,324,0,0,0
80.7501,27.7244,17.5203,13.5642,31.7021,22.8162,28.1776,14.1202,14.893,9.40165,5.69529,24.5364,16.1889,11.3826,12.853,9.40477,0,329,0,0,0
80.8501,29.7064,20.5867,15.8049,28.1217,21.9255,27.7039,11.3612,15.1233,11.3889,10.2681,20.8448,16.547,12.4356,8.80006,5.03402,0,329,0,0,0
80.95,27.0305,19.0166,10.0307,27.5714,15.1113,22.1388,9.96385,13.1124,9.73445,8.37763,23.9796,20.179,11.1256,14.4952,4.60672,0,333,0,0,0
81.0501,24.8878,20.936,13.4494,27.1848,18.5008,22.8474,10.4211,17.3298,12.6522,6.96433,23.1852,16.5407,10.2314,9.0436,2.30197,0,336,0,0,0
81.1501,24.1237,21.5342,17.7429,25.1237,12.0095,19.4391,7.63065,15.5685,11.4118,11.5401,18.6091,16.0689,11.8391,13.2011,7.52707,0,336,0,0,0
81.2501,24.76,22.5829,17.2222,25.0142,12.3033,17.765,9.57769,16.8536,8.88057,7.09812,21.0079,13.9079,11.8619,14.4012,4.07944,0,336,0,0,0
81.35,25.0611,18.9225,10.0865,22.6891,5.78998,13.1855,9.12191,12.2242,11.4875,6.77846,23.5297,18.3367,10.6527,14.4691,6.19953,0,337,0,0,0
81.4501,22.5574,23.9684,12.7787,20.9958,5.15661,16.1916,8.03477,13.7235,13.7833,8.42148,20.7861,13.6149,10.1666,14.5889,9.0024,0,338,0,0,0
81.5501,24.8228,24.0109,13.5363,20.9938,3.94629,13.1089,7.91049,14.4434,10.7594,8.57242,22.1037,22.4321,11.3381,9.44588,2.44933,0,336,0,0,0
81.6501,25.2809,22.6231,13.335,20.4069,4.73077,15.9391,8.02189,15.3274,13.1997,8.61878,22.8232,16.4528,11.4835,10.7139,4.89326,0,331,0,0,0
81.7501,21.7984,27.4837,15.6862,18.9313,5.16912,16.1337,7.13474,12.8192,11.0072,8.61878,23.5557,17.852,11.5627,10.6026,2.68173,0,324,0,0,0
81.8501,24.1872,24.2864,13.2837,19.3281,4.83299,17.5007,6.06399,14.9473,14.6352,7.57348,22.2624,17.3771,13.258,8.96013,1.89899,0,323,0,0,0
81.9501,23.2646,23.9339,12.8776,19.9435,4.34881,14.827,6.94295,13.7766,9.40856,11.0003,17.7931,15.988,11.8129,9.24407,2.68088,0,317,0,0,0
82.0501,26.6593,22.7054,16.4244,20.6986,10.411,12.5515,9.00866,10.8899,11.5082,10.9055,19.3361,16.61,12.1761,8.6444,4.58336,0,318,0,0,0
82.1501,25.9979,21.6567,16.9988,23.6788,19.6481,25.6172,9.13095,11.7892,8.32983,8.43445,23.2411,19.6274,10.5396,9.48853,2.68421,0,314,0,0,0
82.2501,24.4294,22.6931,17.3151,25.1784,24.7035,27.1321,10.5656,16.6589,12.0758,7.15176,25.3937,17.1136,10.3609,10.8425,2.20099,0,315,0,0,0
82.3501,26.817,20.9682,13.8335,26.1978,24.7293,20.6347,10.0121,18.0316,11.237,6.50016,21.197,11.8782,12.1378,9.62815,2.44473,0,314,0,0,0
82.4501,26.3769,23.7435,12.7517,26.1156,26.7025,66.6822,10.7841,15.9271,10.1787,8.46985,22.4857,18.7693,12.0427,9.62815,2.04838,0,316,0,0,0
82.5501,27.1834,19.7769,12.2794,26.7404,32.494,28.6995,12.2591,16.6968,10.9745,4.49384,23.7391,15.4556,12.5568,10.5198,3.28949,0,316,0,0,0
82.6501,26.0962,19.1798,11.5741,27.4248,32.3385,22.7336,12.2236,13.9142,11.7892,5.56742,22.7667,17.8081,12.259,10.612,1.95991,0,316,0,0,0
82.7501,29.0821,17.9979,10.1319,26.2852,29.8841,21.3311,11.6764,17.2582,10.0443,8.98125,21.2668,13.5955,13.9413,12.9942,9.18766,0,314,0,0,0
82.8501,28.3878,19.3568,12.7235,26.9015,29.2788,20.0841,12.6132,14.5245,8.59188,5.99906,23.5678,14.4791,13.8994,10.0933,1.76435,0,314,0,0,0
82.9501,28.2799,19.6574,15.2958,28.4521,32.3745,28.6927,14.1128,19.2017,12.6773,8.68661,21.5914,17.8381,12.4488,14.4093,5.33238,0,315,0,0,0
83.0502,26.2771,21.153,12.3557,28.1048,30.0694,24.3093,12.9605,17.8405,13.5557,7.97645,18.9278,14.3131,11.7006,13.1165,9.14207,0,314,0,0,0
83.1501,26.6573,18.8665,10.0395,28.2451,35.1239,33.7792,12.946,19.3736,14.434,7.34963,21.6781,13.0765,13.1917,9.19812,4.9694,0,312,0,0,0
83.2501,27.6131,17.8634,12.1657,28.8439,30.602,19.709,13.7435,18.4414,13.4093,7.19052,21.0785,13.7784,11.6071,13.498,6.83201,0,311,0,0,0
83.3501,27.7835,20.9977,17.0043,26.9362,37.1455,28.7713,12.0852,19.8096,17.8657,6.50492,23.0409,13.0933,11.4918,10.5791,6.15916,0,310,0,0,0
83.4501,28.1889,18.5148,9.37128,29.8512,34.7291,28.5369,11.0897,17.9539,12.6264,9.92712,20.5812,10.6476,13.6046,12.4032,6.85493,0,304,0,0,0
83.5501,30.1155,18.5449,11.5494,29.2592,37.2214,35.7616,11.4555,13.5067,10.5589,9.98809,24.4285,18.4607,12.3674,12.6079,10.5324,0,307,0,0,0
83.6501,30.1,22.0188,13.0393,29.2476,40.5408,47.2334,84.6301,165.627,81.9637,9.87222,24.3892,20.4977,12.0706,14.4952,6.74951,0,306,0,0,0
83.7502,29.9605,15.2117,7.12557,29.3522,44.9759,56.3073,38.1282,84.3001,49.3378,9.17147,24.0048,17.5022,12.42,13.3021,11.3392,0,303,0,0,0
83.8502,30.0063,17.4525,15.9237,30.0618,49.3227,52.9838,40.1768,87.3697,48.2688,13.2826,19.0063,12.1498,13.2113,10.6353,6.16123,0,304,0,0,0
83.9502,28.0001,15.5277,20.0399,30.7126,50.635,44.1485,41.0148,88.3328,47.5163,10.7359,22.6749,26.0587,10.6561,14.9929,12.2343,0,301,0,0,0
84.0501,27.1932,16.5183,15.3919,27.7999,54.047,44.4233,38.482,85.903,46.7578,9.83183,23.7944,19.5327,14.9397,16.7973,13.8343,0,300,0,0,0
84.1501,25.8645,14.6746,16.0263,29.3686,53.4176,40.4609,39.9456,87.3949,47.1083,7.6876,24.9986,19.6133,13.5751,14.9865,7.77079,302,0,0,0,0
84.2501,19.8769,11.3104,23.907,31.9725,48.1801,38.2356,38.719,83.9251,47.4541,9.09916,22.6025,17.7413,14.3998,11.6592,101.753,0,0,0,0,0
84.3502,21.017,12.7109,22.8006,30.8648,56.0044,33.5054,36.2688,82.1584,46.1403,10.6435,21.9675,19.7628,11.9614,15.5786,10.1939,0,297,0,0,0
84.4502,21.8346,12.9441,25.9395,29.284,57.666,33.0082,84.113,165.875,82.0799,10.596,19.727,14.1505,12.0352,13.4255,101.722,0,0,0,0,0
84.5502,23.0076,10.6136,23.901,28.2325,62.3868,31.6954,84.3198,165.875,80.0858,8.98423,21.2552,14.1505,12.5671,12.7372,100.958,0,299,0,0,0
84.6502,19.2298,15.1584,26.3534,30.2014,58.7169,40.9582,84.6205,166.018,85.0937,10.2603,20.6954,17.2767,10.412,16.6779,6.71653,0,0,0,0,0
84.7502,23.6117,13.0334,29.025,29.9367,59.7033,33.3698,83.5816,165.788,82.6054,10.0599,21.0925,19.287,12.5736,11.7647,101.66,0,297,0,0,0
84.8502,24.1512,11.4085,19.6761,29.573,57.8966,39.3518,84.1349,165.829,80.7674,11.4941,18.9127,13.211,12.6077,13.4212,101.583,0,298,0,0,0
84.9502,22.9264,8.96959,22.1234,30.7016,58.1772,39.7065,84.2351,165.972,82.7286,9.05149,23.727,20.8672,11.837,14.1547,100.958,0,292,0,0,0
85.0502,24.9536,16.8237,22.6251,30.2718,57.1994,37.838,83.0178,165.657,83.3955,9.25031,20.849,17.2431,9.62513,12.6165,100.741,0,296,0,0,0
85.1502,18.306,14.3302,21.3844,29.8552,53.4118,40.4241,82.9878,165.608,85.8599,9.12721,20.6864,18.9211,9.88512,16.3498,9.52914,0,294,0,0,0
85.2502,21.2551,17.3238,22.1425,28.9816,50.2681,43.9493,11.0126,10.0972,9.26376,9.5599,18.4225,14.8053,11.2955,11.9967,7.18036,0,296,0,0,0
85.3502,17.5238,11.4322,22.4013,33.7829,39.6288,52.7258,11.6059,4.73517,6.36578,8.3533,19.4227,13.1778,10.8875,15.8756,98.1475,0,296,0,0,0
85.4502,23.1348,11.2845,20.547,31.6559,43.391,50.1379,10.6884,5.18217,8.30528,6.41938,23.313,15.7165,10.4815,16.9057,98.3712,0,290,0,0,0
85.5502,22.6016,13.3342,23.833,30.5622,52.6863,46.2813,10.8796,6.56988,6.20962,8.66388,20.4036,15.1239,10.4092,9.01091,5.3366,0,292,0,0,0
85.6502,23.7207,11.0049,19.985,30.3827,51.4569,39.4866,10.6389,7.32958,8.88468,7.27363,22.3887,17.0209,11.4727,13.1162,101.86,0,287,0,0,0
85.7502,23.4261,13.8483,17.9317,76.7347,172.809,119.702,11.2429,6.36505,10.3678,9.1866,18.1119,12.7306,6.51734,13.5888,103.611,0,286,0,0,0
85.8502,25.7661,14.0212,24.0261,28.1736,56.7568,40.7176,84.4161,166.291,79.9083,9.04028,21.3526,14.4125,7.42503,9.1674,4.71172,0,286,0,0,0
85.9502,21.7825,10.7061,20.6501,32.2562,60.6557,39.645,84.7053,166.249,82.3508,9.55229,20.4129,13.3936,7.76286,17.0398,1.62329,0,283,0,0,0
86.0502,22.2549,14.2004,21.3126,30.7004,73.4836,36.454,10.7253,14.3601,16.6768,6.32075,22.7971,12.7277,8.9847,14.8873,3.22371,0,283,0,0,0
86.1502,23.9196,11.0006,22.0788,31.7368,78.8656,32.5104,9.76426,13.9598,14.3927,10.295,20.5164,15.8752,8.14669,12.9319,3.78582,0,287,0,0,0
86.2502,24.3889,13.1997,22.6315,30.39,88.4959,19.9008,9.45654,12.6778,12.841,10.063,20.7651,11.6755,8.21037,14.6871,1.23719,1,0,0,0,0
86.3502,23.4655,8.89171,21.8756,31.4028,90.5769,16.7662,8.67393,17.8859,20.5897,9.17697,23.9415,11.9963,8.82262,13.7104,5.26876,0,280,0,0,0
86.4502,27.5464,10.3634,18.5923,26.0536,98.3551,13.1098,7.11866,15.439,16.3591,8.6889,22.0891,10.7679,10.1378,15.4277,0.755881,0,277,0,0,0
86.5502,31.4926,5.97439,21.0278,27.7235,111.868,11.084,64.6888,58.6575,21.9822,12.3786,21.1617,14.3785,10.3246,13.7769,2.61518,0,277,0,0,0
86.6503,30.7965,8.49268,22.4808,28.0848,106.231,17.4527,63.9191,57.8481,16.823,10.9233,20.4995,9.97604,8.59656,14.101,4.67203,0,276,0,0,0
86.7502,34.1377,7.99181,17.1683,26.2891,117.984,13.6182,62.389,57.5611,16.3685,11.0578,23.759,16.3189,9.54576,12.4645,2.99555,0,271,0,0,0
86.8502,28.2921,9.83885,24.2658,30.8007,117.624,7.41264,63.2959,58.0481,19.4158,11.6316,21.792,14.1606,9.18493,13.1461,1.39395,0,270,0,0,0
86.9502,31.7878,9.90793,18.7079,27.2617,115.757,15.7647,61.6433,57.0526,16.8108,11.5579,24.5082,24.8772,8.07264,12.9963,4.09428,0,270,0,0,0
87.0502,33.3052,17.0774,22.9303,30.1616,120.281,13.6233,59.1864,53.777,15.868,13.1851,19.7196,15.3473,8.13303,10.2915,6.51895,0,1,0,0,0
87.1502,30.4094,8.79312,18.875,26.1643,114.926,12.8543,60.6012,59.6371,19.996,10.2549,21.6276,14.9519,7.55764,14.5882,3.58604,0,268,0,0,0
87.2503,33.2403,9.41622,20.1735,27.8056,119.374,14.6614,60.0128,57.2812,18.2997,11.2386,21.0964,15.9966,9.34513,12.6233,3.92273,0,271,0,0,0
87.3503,36.3758,9.06699,14.688,23.7744,117.84,16.9273,57.3313,55.1655,19.7136,12.2457,18.1657,9.39612,9.27348,16.5396,1.48224,0,270,0,0,0
87.4503,30.1279,9.68825,20.5724,27.9188,116.2,14.368,60.297,57.191,21.0486,11.7572,23.4487,21.7688,8.9349,16.9489,1.48652,0,280,0,0,0
87.5503,32.9162,10.4716,17.9796,25.3611,111.633,12.7477,61.0773,55.8218,15.1765,10.0626,20.9025,14.0565,7.87329,15.2034,2.06063,0,280,0,0,0
87.6503,31.9231,7.90975,19.4036,27.2621,111.371,14.6414,61.7988,57.2093,16.3803,12.02,21.7808,11.9083,8.77121,16.605,1.64792,1,0,0,0,0
87.7503,27.982,13.0089,21.1098,31.017,109.561,10.4211,63.5397,55.3706,14.2171,9.9757,22.0994,10.132,9.08169,20.1976,6.9596,0,286,0,0,0
87.8503,24.4634,9.26459,19.8504,35.6268,103.416,14.3771,66.1752,59.8678,16.2608,9.35243,24.7517,19.1885,7.90055,12.3501,2.17241,0,287,0,0,0
87.9503,28.115,8.80538,19.0444,30.0823,107.07,17.0964,65.2613,57.1004,10.9636,11.4631,18.0086,11.8024,7.30028,17.4707,4.30888,0,288,0,0,0
88.0503,26.5806,15.0954,22.7251,27.5547,95.5204,17.2975,7.97141,16.9079,13.1766,7.80218,23.1475,13.7447,6.79677,15.2298,5.52743,1,0,0,0,0
88.1503,26.5806,12.397,19.1848,26.4318,96.3577,17.5533,86.3419,166.715,83.8942,8.96347,19.4913,11.2279,5.27891,12.8757,5.31751,0,279,0,0,0
88.2503,25.564,10.7829,17.7659,27.5439,96.9643,15.4632,9.23669,16.3668,15.4226,9.50331,22.0275,12.7657,7.70185,13.5631,12.271,0,278,0,0,0
88.3503,34.0012,13.9875,13.753,20.4583,104.791,15.2383,6.13554,12.2183,9.87591,10.5706,19.9665,10.4194,9.48858,15.5236,6.72187,0,281,0,0,0
88.4503,29.3148,14.6432,18.9368,29.7102,101.302,15.2263,9.17274,14.0796,12.1103,8.28077,23.4857,10.8926,7.79986,14.5373,4.67396,0,281,0,0,0
88.5503,29.3126,10.2661,20.8504,29.4403,105.663,11.4257,67.2208,55.8585,6.64456,9.64559,24.2192,10.6723,5.95558,17.0506,6.07815,0,278,0,0,0
88.6503,30.46,11.9746,19.8157,31.2355,108.862,11.8929,65.3637,54.2406,10.6216,9.91448,22.9061,11.8091,5.75895,12.9634,1.40981,0,280,0,0,0
88.7503,28.3448,8.80746,20.2703,32.022,106.222,14.3829,64.3679,54.989,11.4969,10.334,21.7938,11.6568,7.50208,16.7788,1.40161,0,279,0,0,0
88.8503,28.7261,14.0283,20.1226,28.6058,113.672,14.2345,63.1766,54.3272,12.6701,11.082,21.0847,9.39537,7.8212,14.3262,3.54198,0,1,0,0,0
88.9503,32.1448,12.7463,21.3612,29.4663,111.776,17.832,65.1734,55.6602,14.3788,10.7874,20.7336,12.7606,6.48088,12.609,2.39044,0,276,0,0,0
89.0503,30.7647,11.5194,20.4175,31.5373,110.037,14.1478,64.4729,54.5234,13.5855,13.8624,18.4021,12.8575,7.63401,17.3076,2.64913,0,1,0,0,0
89.1503,33.1335,14.7881,18.0971,27.0952,112.122,17.5267,65.494,57.9611,11.5816,8.87992,21.5775,9.93866,7.93833,16.6222,5.24415,0,279,0,0,0
89.2503,32.9583,8.13776,20.8973,31.1743,115.904,14.1494,61.5007,54.0157,85.2306,10.9181,20.6034,10.9451,7.3647,14.6267,4.50562,0,283,0,0,0
89.3503,33.1813,9.54591,18.6912,30.0914,117.42,12.3669,59.8612,51.2348,86.7534,12.8862,20.337,11.4968,7.37126,17.1485,8.77353,0,287,0,0,0
89.4503,36.4577,12.3152,14.5321,28.6872,114.289,15.8089,61.7565,56.1044,12.2137,14.513,17.2562,16.0816,6.92831,16.3702,2.85698,0,294,0,0,0
89.5503,30.0045,14.9119,20.7885,28.5452,112.016,17.5204,63.2003,56.9394,83.1747,13.8013,16.6493,15.1971,6.91134,17.1485,7.16017,0,298,0,0,0
89.6503,34.4546,15.761,16.7982,27.2147,99.4599,17.0901,67.8761,60.2461,83.8508,12.8321,14.147,7.17762,9.14238,19.2426,7.55002,0,301,0,0,0
89.7504,27.1011,15.0629,19.5846,32.512,75.9694,34.3209,10.7248,13.9695,12.8812,6.66388,23.1828,11.7037,8.89761,15.1288,3.26023,0,305,0,0,0
89.8503,20.7789,12.9015,26.3558,33.4775,43.8273,60.8757,14.9839,10.4385,13.3335,6.33376,24.1296,20.3464,7.99404,16.7441,4.90302,0,305,0,0,0
89.9504,15.8064,14.676,23.7892,32.7264,37.2514,66.4894,15.0518,8.11396,8.60667,7.20133,20.7008,12.9253,9.85986,13.1787,101.125,0,302,0,0,0
90.0503,25.0234,18.0588,21.4853,29.3,51.6086,47.6678,83.3326,165.587,85.952,7.57569,22.5139,18.2491,11.7328,7.43453,1.57568,0,309,0,0,0
90.1504,25.1533,16.8759,13.7143,28.9487,60.6893,39.0616,84.1485,165.936,85.0551,10.1701,21.65,21.4696,11.8273,14.3807,9.51593,0,309,0,0,0
90.2504,22.9842,18.1704,22.2281,30.0742,55.0403,39.1243,82.9465,165.907,86.29,7.22502,23.8579,19.937,10.8381,10.2262,5.81688,0,308,0,0,0
90.3504,21.2758,14.4522,21.1879,32.1049,50.6575,43.2874,84.1485,166.158,86.4637,6.48554,26.8201,25.8075,9.3388,11.9875,5.3723,0,305,0,0,0
90.4504,25.8498,18.3138,18.0948,29.9963,53.8434,41.6651,82.9242,166.158,87.3196,7.21579,21.2906,20.4488,11.5224,13.4117,11.8775,0,306,0,0,0
90.5504,24.9974,17.6099,15.6918,26.9812,54.9521,41.3579,35.9983,81.6747,52.1049,7.6056,23.5971,23.5101,13.3588,9.84175,5.83684,0,306,0,0,0
90.6504,23.7596,16.8644,18.1668,28.9041,51.3993,39.5017,38.0211,82.671,47.6744,7.44185,22.4476,15.9807,10.6613,13.735,8.7798,0,301,0,0,0
90.7504,24.6426,15.0028,21.3125,29.7503,50.2079,45.9119,82.9869,166.069,87.3456,8.74745,19.7075,21.1415,10.138,14.9657,10.2482,0,297,0,0,0
90.8504,24.0297,14.6077,14.0625,28.9354,51.7751,39.9064,37.5635,82.5052,50.6873,7.41226,22.209,20.3994,12.013,13.351,8.16769,0,299,0,0,0
90.9504,24.0561,14.8362,19.1616,28.04,56.9312,40.4709,82.7347,165.706,83.8788,5.90177,22.3931,12.8675,12.4034,7.03413,3.26,0,297,0,0,0
91.0504,21.7016,13.0746,19.7054,30.5756,45.457,46.8365,82.5746,165.821,86.3073,7.44147,23.1306,17.9489,7.98283,12.6399,4.5758,0,298,0,0,0
91.1504,22.7931,14.7685,18.4099,29.9285,50.253,47.9727,83.1789,165.834,86.3843,8.7688,21.8924,19.9856,8.96476,16.8067,11.4043,0,294,0,0,0
91.2504,23.2496,11.9889,18.748,31.3453,50.0934,41.2637,82.8194,165.984,89.5228,6.85452,23.2461,19.89,8.09682,14.0967,6.07939,0,300,0,0,0
91.3504,23.7255,12.9678,21.4973,32.3753,44.8651,47.5852,12.7972,6.27508,7.70295,6.07217,23.6766,14.7587,10.0438,13.9949,101.273,0,296,0,0,0
91.4504,25.4137,13.9867,25.3244,34.5131,66.1899,28.8249,12.4271,10.135,8.86063,7.25825,25.2304,19.1931,7.54366,18.3821,100.462,0,298,0,0,0
91.5504,24.883,14.0768,22.2636,31.177,51.145,44.2327,82.1965,166.182,90.163,8.67588,19.4498,16.8907,9.23574,15.3713,100.253,0,304,0,0,0
91.6504,26.0682,13.9526,23.8628,30.1449,68.5016,31.6417,9.91474,10.4826,10.0276,9.145,20.3807,10.5317,8.15001,11.8427,104.509,0,306,0,0,0
91.7504,23.867,9.23206,19.5139,32.7501,52.5285,44.3995,11.8826,9.49142,11.77,6.1053,21.1593,11.9276,8.88353,11.2802,4.11928,0,311,0,0,0
91.8504,26.3592,9.72405,20.5571,32.6646,52.3008,38.9805,11.7656,8.07312,10.7264,6.46322,24.141,16.7994,8.48729,10.5325,4.41798,0,312,0,0,0
91.9505,22.4023,13.262,21.876,31.0588,44.538,49.4958,82.6922,166.129,87.1317,6.62297,21.6611,16.4691,8.0008,11.2528,5.53599,0,312,0,0,0
92.0505,22.5465,12.9779,20.3259,30.2327,52.663,40.4594,82.816,166.232,88.4117,8.22278,20.8022,15.868,10.8683,16.2346,13.107,0,315,0,0,0
92.1504,20.5133,14.4943,18.9494,29.9323,47.6038,41.266,38.9348,84.6729,54.2319,7.04967,21.7101,19.3612,9.17812,14.1456,8.76429,0,314,0,0,0
92.2505,24.0727,16.1834,17.7566,30.2725,50.7112,45.276,40.5512,87.6119,55.965,8.19171,22.1501,24.8795,10.2047,11.9925,11.662,0,315,0,0,0
92.3504,28.9483,17.9683,20.1323,25.6743,53.5428,48.0061,40.3211,87.2845,50.6647,10.5796,24.3054,19.1356,13.5279,8.40793,3.50688,0,316,0,0,0
92.4504,29.3083,13.7621,19.6495,28.4316,53.8397,47.923,38.8218,85.7542,53.3259,10.9583,21.4533,17.8436,14.7395,5.62041,2.86469,0,316,0,0,0
92.5504,29.0142,15.9735,18.3839,30.1537,50.3237,48.4166,40.7079,87.9327,50.7739,9.38375,25.0737,22.7328,13.2808,9.28523,7.30281,0,318,0,0,0
92.6504,28.784,16.7053,15.2108,28.4874,48.197,46.3011,40.0872,87.7073,50.7699,8.89526,23.4476,17.2095,13.2808,8.89475,6.56229,0,321,0,0,0
92.7504,29.2326,18.493,19.828,28.5697,47.7386,48.7927,39.831,86.334,49.3347,10.1001,21.9322,20.1073,12.2665,10.6511,2.87324,0,68,0,0,0
92.8504,29.784,18.7489,20.1501,31.254,41.6396,52.1682,40.031,84.5127,48.6835,9.47156,21.2976,17.6623,12.3831,8.95063,4.95702,0,324,0,0,0
92.9504,29.2691,19.0548,18.0593,32.9143,36.4424,46.5803,36.3628,79.2232,49.3308,6.61376,22.9345,16.1245,10.393,13.0379,6.82534,0,0,0,0,0
93.0504,117.821,18.652,14.774,111.359,32.1844,38.8512,,165.66,85.0099,94.1665,26.9508,26.5524,77.8789,8.65242,5.82695,0,328,0,0,0
93.1505,34.1789,18.4221,12.5688,33.1429,29.7472,28.6921,84.1171,165.878,88.7153,9.28794,25.856,19.334,12.8962,6.4591,3.39271,0,0,0,0,0
93.2504,32.5332,19.5527,12.0633,32.2251,27.5872,27.8855,83.2569,165.544,87.9103,9.6406,22.1387,17.0704,13.475,8.48962,4.66511,0,330,0,0,0
93.3505,32.788,19.9974,14.3204,35.0474,21.5557,24.1972,13.4494,17.8683,11.4041,4.83036,23.377,14.9686,13.1525,8.23168,5.10194,0,0,0,0,0
93.4505,32.2917,20.8507,11.5839,34.0627,20.5687,23.3445,11.8372,17.1653,14.8614,8.69762,20.9513,16.7003,11.8506,6.33637,2.21643,0,329,0,0,0
93.5504,32.1349,18.8597,11.0175,34.2061,20.2721,27.2845,12.536,13.0309,9.76633,7.277,23.7294,21.2821,10.2872,9.59623,4.81923,0,326,0,0,0
93.6505,31.4149,22.2589,15.9858,32.8148,17.8436,22.4946,12.6167,16.5432,12.058,7.28566,24.377,18.2697,12.447,10.5576,8.39923,0,324,0,0,0
93.7505,32.3054,21.7349,10.3164,32.6477,16.6371,21.9657,10.9497,16.047,14.8237,9.20951,19.9674,14.4748,11.402,10.8345,7.72342,0,315,0,0,0
93.8506,31.9353,22.6862,14.3232,31.7113,15.4298,18.0615,11.0817,12.6469,12.8259,8.75234,21.4495,17.6705,11.4382,12.2166,7.72342,0,309,0,0,0
93.9505,31.9286,21.0837,15.0044,33.0376,23.3572,22.7001,82.7032,165.501,84.8138,8.50255,22.4525,18.027,13.7939,11.9281,8.17799,0,307,0,0,0
94.0505,32.6621,18.9699,14.1377,34.1393,34.382,40.8926,83.8872,165.706,87.8413,9.50979,24.1135,17.5925,11.8856,12.158,7.98517,0,303,0,0,0
94.1505,29.3362,16.9648,14.5848,32.0145,45.2773,48.9716,39.9059,86.0894,46.9903,10.0079,24.6057,21.8437,10.6984,16.0258,11.2443,0,307,0,0,0
94.2505,27.1902,13.6876,11.4463,32.2632,53.5726,47.2883,38.5926,85.8361,49.7487,6.38191,24.5108,19.1122,10.6183,10.8462,12.3174,0,309,0,0,0
94.3505,23.4734,17.4509,17.6499,31.245,51.9648,40.3674,37.5992,82.2034,46.6541,9.28187,17.9289,16.7242,10.0806,12.9208,6.69745,0,313,0,0,0
94.4505,25.5294,17.4906,23.0357,29.9717,55.4217,43.3576,40.1328,84.9074,50.5682,7.00533,20.4498,14.4852,10.1805,9.73439,3.54374,0,318,0,0,0
94.5505,26.1793,18.4302,20.3071,30.7836,53.5415,41.7773,39.0931,84.1201,46.5186,6.7071,22.4354,22.3693,10.7052,9.92167,102.44,0,326,0,0,0
94.6505,28.784,16.7053,16.3566,31.0047,53.2635,46.8444,39.634,86.8681,52.8943,8.89135,22.7734,15.122,12.8717,11.7209,9.51937,0,329,0,0,0
94.7506,30.6058,17.9525,10.5331,31.5351,36.4834,42.7965,84.1599,165.565,86.9612,8.62402,23.8781,18.0744,11.5757,10.4716,7.39555,0,331,0,0,0
94.8505,31.5562,18.2111,13.7029,34.5759,25.5778,29.2348,13.5719,15.8644,10.9355,9.08341,19.9225,12.7515,13.7644,8.48667,1.77014,0,330,0,0,0
94.9506,32.2187,17.6009,16.7714,32.2084,21.1149,24.2602,11.6469,15.2216,9.78696,9.39277,21.3599,16.6788,12.5844,9.86179,5.07616,0,337,0,0,0
95.0505,30.4801,21.4513,16.5185,31.4594,19.1727,28.6166,12.6227,11.6208,7.32583,6.94736,23.6773,17.9988,11.5144,10.5077,8.38881,0,341,0,0,0
95.1506,30.2489,18.8682,10.8182,30.2489,15.0059,21.7818,12.5514,15.5468,13.6294,7.17908,20.9663,13.5747,12.0387,11.354,5.15254,0,342,0,0,0
95.2505,29.7703,25.7592,14.0332,29.1194,15.2799,23.3032,12.3855,16.4085,11.4309,8.34709,21.3211,15.4593,10.7612,12.6344,7.82817,0,344,0,0,0
95.3506,27.5515,23.4618,17.6404,27.4901,10.8833,28.1384,8.41681,13.1835,8.7377,8.73138,18.437,11.4108,10.8912,16.5522,10.7828,0,342,0,0,0
95.4506,26.8217,23.3395,12.5779,29.1976,2.46911,17.6348,9.29547,12.1026,10.2641,7.1328,23.5608,17.7313,9.51828,7.63052,4.41204,0,348,0,0,0
95.5506,27.4104,26.0744,11.8848,25.8542,2.66195,14.0452,7.06384,12.5818,10.0911,7.90287,22.0186,15.4834,10.4,14.0533,7.28959,0,345,0,0,0
95.6506,24.4948,25.0055,14.0858,23.5183,1.59054,13.6029,6.97583,14.9117,10.5006,7.01946,22.1873,14.48,11.6985,11.1954,7.30935,0,346,0,0,0
95.7506,23.9696,23.4636,13.3632,21.2588,4.21995,10.0604,6.93418,11.5242,11.3176,9.40718,20.9491,15.8301,8.90432,6.58597,4.73387,0,348,0,0,0
95.8506,24.8483,26.1011,17.6953,19.5712,3.97913,11.0998,6.94441,14.5589,13.4862,6.80765,22.6036,14.9161,8.00833,6.9356,4.64446,0,343,0,0,0
95.9506,22.4393,25.0129,11.3922,18.1963,1.86041,13.0704,7.25914,13.9508,12.3546,6.85348,20.0894,13.6511,7.54453,10.6948,2.45368,0,339,0,0,0
96.0506,26.1646,21.1598,10.9778,18.4897,1.87542,14.605,8.52739,15.1517,10.9215,6.05607,22.9852,16.8236,9.56832,14.4859,5.00913,0,335,0,0,0
96.1506,23.5896,25.6196,10.6555,18.3346,1.87019,11.8001,7.87371,14.3732,16.0116,8.457,18.5003,18.3236,8.696,12.1821,5.77748,0,329,0,0,0
96.2506,25.1431,27.2602,19.7233,17.2705,3.42531,9.96813,7.28762,15.1925,10.2119,8.77942,18.2222,14.7022,7.09492,8.65384,4.27366,0,324,0,0,0
96.3506,23.1389,24.3883,18.3179,19.0995,4.50477,15.8792,7.86819,12.9633,11.642,8.11943,21.4278,19.5209,8.04189,12.044,4.07023,0,322,0,0,0
96.4506,24.4274,21.3716,6.98087,21.3355,7.30163,15.4112,8.67076,15.3397,13.8182,8.88484,24.3568,23.3503,10.4399,11.8292,4.27767,0,321,0,0,0
96.5506,24.5389,21.4571,9.88533,26.2721,20.2491,20.6427,11.4181,17.0426,14.9835,9.23953,21.4308,15.5672,8.01182,17.2048,9.81663,0,320,0,0,0
96.6506,23.5555,23.9648,13.9507,27.4673,23.096,20.5505,11.7052,18.1889,15.2919,9.28262,20.1299,14.1063,8.21127,18.0735,9.42596,0,315,0,0,0
96.7506,26.3072,21.386,10.3033,25.6833,26.9419,20.9659,11.3913,17.213,13.9563,8.81397,23.0364,17.9008,6.34988,21.4225,11.4916,0,314,0,0,0
96.8506,27.4961,17.5424,12.4961,29.9203,32.5594,31.886,14.3985,16.8214,13.5439,7.56125,23.3785,16.0599,9.64407,15.4793,4.69359,0,313,0,0,0
96.9507,24.341,18.6941,13.8685,29.9477,31.9404,30.913,14.2743,17.0427,11.9411,8.57721,20.0831,14.9686,7.94387,19.0526,10.8956,0,319,0,0,0
97.0506,26.8696,16.9851,15.5959,29.6546,33.5458,27.1052,13.328,16.7907,10.0462,7.61081,22.572,17.6348,9.4282,17.3335,6.03499,0,323,0,0,0
97.1506,28.3468,15.6107,12.5378,30.3821,33.4261,30.9524,13.9161,14.6096,7.13352,9.40744,19.4943,11.7993,11.7655,14.4955,7.53267,0,329,0,0,0
97.2506,23.5248,17.5735,15.395,29.9228,33.0539,29.0819,15.1027,15.9192,12.7252,9.40524,19.0178,14.1116,8.37947,13.8281,2.66504,0,336,0,0,0
97.3507,26.7722,19.32,16.1436,29.2231,26.2337,26.6703,14.8762,19.9512,13.853,7.10046,21.5325,12.2528,9.36839,18.7549,13.7811,0,338,0,0,0
97.4506,26.7208,21.0113,15.8844,28.8639,19.1606,21.2131,13.7226,17.9963,12.2947,8.96457,21.1118,14.0257,9.39224,12.3758,3.74099,0,334,0,0,0
97.5507,24.9819,25.8179,14.8701,28.3762,13.5488,20.0745,10.3176,16.7033,13.0525,10.1481,17.8623,13.8274,8.53947,14.9332,6.53467,0,338,0,0,0
97.6506,24.9481,24.2903,11.6933,27.8953,11.3555,20.4395,11.0321,16.3101,9.99653,10.0119,20.4383,15.7258,9.15357,19.3387,9.77939,0,336,0,0,0
97.7507,23.9632,25.0131,13.3044,26.4483,5.84352,13.5755,8.91142,12.4517,10.6851,11.1035,17.6048,15.2052,7.69156,16.0565,7.56864,0,334,0,0,0
97.8507,26.2106,24.6065,11.0375,27.6614,9.47249,20.4515,8.93616,12.5446,11.8844,9.47179,21.1551,15.5121,8.2905,14.6981,5.3021,0,333,0,0,0
97.9506,23.4182,26.4607,12.5375,27.3161,5.03617,13.4653,9.55738,13.5673,12.4734,8.97234,21.312,15.6253,7.16163,19.8614,13.5531,0,333,0,0,0
98.0507,24.4824,23.8683,13.2794,28.9227,3.89618,12.1191,9.55802,14.6251,8.97628,9.27687,19.7105,13.9461,8.95291,19.2532,12.5163,0,332,0,0,0
98.1507,24.0152,26.917,11.7825,28.6517,8.16747,16.589,9.97542,14.5397,9.27891,8.0441,21.4969,16.7162,7.63651,15.575,10.5293,0,323,0,0,0
98.2508,23.4145,22.521,10.5205,29.2469,6.43603,16.4746,11.6245,16.2361,12.8065,8.41499,21.5744,12.318,7.36742,15.5242,8.17035,0,321,0,0,0
98.3507,21.577,25.2703,17.6389,29.1531,9.51226,11.5598,11.305,17.758,10.1641,8.98194,23.2244,22.3009,7.94588,21.7552,11.3373,0,320,0,0,0
98.451,25.3465,21.6702,14.1215,30.2757,17.8133,20.5571,12.4509,17.8236,12.0167,11.4443,19.9671,12.2524,8.15701,15.3785,7.3974,0,315,0,0,0
98.5507,28.5046,22.0602,14.7528,28.8699,22.2647,19.4703,12.3718,17.0116,13.4708,9.22182,22.54,15.194,10.566,14.5013,4.15952,0,316,0,0,0
98.6507,25.9809,19.4064,22.4566,32.1254,28.7383,21.7844,14.0128,19.2996,12.5693,6.39443,25.0191,17.0841,9.80868,17.2242,9.02949,0,314,0,0,0
98.7507,24.6458,18.4189,13.0989,28.7692,36.2476,33.2439,10.7697,16.8597,15.6917,9.61403,22.1769,9.53041,12.1279,15.5355,8.56859,0,315,0,0,0
98.8507,26.2686,19.7227,16.6378,28.1345,36.3742,33.8565,85.7391,166.362,77.6229,10.7859,18.6726,10.1095,10.2862,13.9508,7.70142,0,317,0,0,0
98.9508,25.0764,19.6968,14.2016,30.4794,34.9156,35.5897,84.6416,165.875,79.2713,6.91955,21.2221,13.7541,8.72486,15.6335,4.72317,0,317,0,0,0
99.0507,25.7773,18.7979,16.9815,27.4208,39.2745,45.5974,86.0787,166.053,78.099,8.96104,23.8265,13.5011,11.2053,15.7219,4.59622,0,319,0,0,0
99.1507,26.5293,17.2247,15.9201,26.6501,36.5862,37.5479,87.1891,166.221,80.7436,11.3786,21.4118,14.3762,8.29924,14.6536,8.70871,0,327,0,0,0
99.2507,28.7329,19.569,19.5053,26.9874,35.0546,35.0686,8.54987,19.0891,17.9781,10.9261,19.9864,10.7656,9.7481,18.7008,8.95865,0,332,0,0,0
99.3507,27.5722,17.7371,14.9358,28.2312,33.8245,27.5875,9.83432,17.104,16.4692,8.49562,22.9011,12.1027,12.2919,14.2642,3.8325,0,336,0,0,0
99.4507,25.8919,16.9494,11.7975,30.9201,22.41,20.2434,13.4619,16.4307,12.387,7.50101,22.9798,16.0887,10.2999,15.1262,7.87831,0,338,0,0,0
99.5507,27.7643,20.1087,13.4421,30.4731,12.1061,16.3985,11.0316,15.1915,12.6602,11.0393,20.8778,18.2828,8.53461,13.1494,5.05146,0,337,0,0,0
99.6507,24.6081,24.5651,14.744,27.9007,9.66412,17.526,10.2158,16.6641,13.2451,11.8243,20.097,16.0809,10.2531,12.1162,3.57022,0,333,0,0,0
99.7507,27.2536,24.025,13.9599,26.2159,9.79525,17.0172,9.96815,16.6481,15.6703,6.85782,24.9998,12.4375,7.23604,11.2428,4.34777,0,334,0,0,0
99.8507,24.2931,26.0975,12.4059,26.2443,7.61461,15.0912,9.64435,15.6429,10.7047,8.73728,23.5655,18.3813,9.14524,19.1699,10.4901,0,330,0,0,0
99.9507,25.1744,22.0623,9.22431,25.5795,5.03943,15.2297,7.86526,15.529,9.84259,11.5186,22.2172,12.6625,10.6982,16.9956,8.91462,0,328,0,0,0
100.051,25.915,22.0689,9.71041,26.1713,5.6357,14.4593,8.80114,13.9884,12.4258,11.4516,23.2259,17.7356,9.3576,11.6997,3.5936,0,318,0,0,0
100.151,25.9143,21.4901,11.3741,25.1965,8.48406,22.3993,8.08377,13.8895,10.268,8.77327,24.2543,13.7267,9.30117,15.2378,7.2261,0,314,0,0,0
100.251,25.3673,26.8622,15.5422,26.1975,7.14887,18.5846,8.90251,11.624,10.2279,10.5185,20.8057,13.2997,7.47388,15.8088,7.00294,0,312,0,0,0
100.351,26.372,20.6415,13.2057,28.9295,15.7405,20.392,11.2154,13.8654,10.1666,8.46345,24.2727,17.8164,9.6195,14.4788,3.35802,0,314,0,0,0
100.451,26.249,16.0712,17.9156,31.5051,31.1998,41.079,14.8119,18.5341,13.9616,8.72352,23.3272,14.8222,6.44384,13.9762,3.39557,0,313,0,0,0
100.551,23.9488,18.2036,18.0577,28.9431,35.2053,41.0038,86.0131,166.249,82.492,10.9681,16.964,14.3099,7.13923,15.5439,5.15352,0,311,0,0,0
100.651,24.2694,24.8473,21.2449,28.6388,36.5415,32.3198,84.5324,166.049,81.7264,10.5189,21.5594,21.3059,8.11078,18.7402,5.48086,0,310,0,0,0
100.751,24.0619,18.9001,16.7485,25.5365,38.6793,32.7423,84.2243,166.221,82.8968,10.1652,21.0564,15.9807,9.57194,14.9438,5.73535,0,314,0,0,0
100.851,25.0076,21.8942,18.6218,31.2072,34.1301,35.9207,84.3462,166.271,84.8628,10.9068,19.0406,16.7356,6.94487,17.0254,9.56509,0,312,0,0,0
100.951,25.6357,21.6778,13.6416,30.8167,38.6559,38.5896,10.2876,14.413,16.186,8.90346,18.2106,12.9019,9.2031,22.6655,13.1968,0,319,0,0,0
101.051,23.9873,18.1389,20.3808,31.0807,34.211,27.9231,84.4675,166.154,79.2944,10.214,21.8089,13.7637,6.13337,19.1002,9.56925,0,324,0,0,0
